s000  (1345,1261)
36 Sea Zone  (769,1264)  (744,1288)  (744,1263)  (793,1289)  (769,1239)  (794,1239)  (794,1264)  (742,1238)  (768,1313)  (743,1313)  (719,1288)  (719,1263)  (818,1289)  (818,1314)  (793,1314)  (718,1314)  (767,1214)  (792,1214)  (817,1214)  (819,1239)  (819,1264)  (717,1238)  (717,1213)  (742,1213)  (842,1210)  (694,1289)  (694,1264)  (843,1289)  (843,1314)  (693,1325)  (844,1235)  (844,1260)  (692,1239)  (867,1210)  (669,1300)  (669,1275)  (868,1285)  (868,1310)  (668,1325)  (869,1235)  (869,1260)  (644,1300)  (643,1325)
35 Sea Zone  (617,1265)  (620,1240)  (645,1231)  (620,1215)  (579,1322)
124 Sea Zone  (220,1555)  (195,1579)  (195,1554)  (244,1580)  (220,1530)  (245,1530)  (245,1555)  (193,1529)  (219,1604)  (194,1604)  (170,1579)  (170,1554)  (269,1580)  (269,1605)  (244,1605)  (169,1605)  (218,1505)  (243,1505)  (268,1505)  (270,1530)  (270,1555)  (168,1529)  (168,1504)  (193,1504)  (294,1588)  (294,1613)
34 Sea Zone  (748,1148)  (723,1172)  (723,1147)  (772,1173)  (773,1143)  (721,1122)  (797,1168)  (702,1097)  (676,1077)  (822,1166)  (651,1062)  (847,1165)  (872,1164)  (897,1167)  (922,1163)  (947,1155)  (947,1180)
33 Sea Zone  (672,1154)  (677,1179)  (652,1179)  (664,1129)  (643,1097)  (586,1066)
32 Sea Zone  (656,974)  (631,998)  (631,973)  (680,999)  (656,949)  (681,973)  (629,948)  (655,1023)  (630,1023)  (606,998)  (606,973)  (686,1024)  (605,1024)  (654,924)  (604,948)  (604,923)  (629,923)
31 Sea Zone  (526,984)  (501,982)  (550,1009)  (525,1009)  (526,959)  (551,959)  (551,984)  (498,957)  (575,1009)  (575,1034)  (550,1034)  (525,1034)  (523,934)  (548,934)  (573,934)  (576,959)  (576,984)  (473,963)  (473,938)  (498,932)  (523,909)  (548,909)  (573,909)  (448,959)  (480,907)
30 Sea Zone  (252,855)  (227,879)  (227,854)  (276,880)  (277,835)  (240,904)  (215,904)  (202,879)  (202,854)  (301,860)  (302,835)  (326,860)  (327,835)  (329,885)  (351,860)  (352,835)  (354,885)  (379,900)  (404,900)  (412,925)  (429,900)
38 Sea Zone  (554,1409)  (529,1433)  (529,1408)  (578,1434)  (554,1384)  (527,1383)  (553,1458)  (528,1458)  (504,1433)  (578,1459)  (503,1459)  (552,1359)  (577,1359)  (524,1358)  (478,1475)  (478,1450)
37 Sea Zone  (971,1271)  (946,1295)  (946,1270)  (995,1296)  (971,1246)  (996,1246)  (996,1271)  (944,1245)  (970,1320)  (945,1320)  (921,1295)  (921,1270)  (1020,1296)  (1020,1321)  (995,1321)  (920,1321)  (969,1221)  (994,1221)  (1021,1255)  (919,1245)  (919,1220)  (944,1220)  (1045,1284)  (1045,1309)  (979,1196)  (1004,1196)
40 Sea Zone  (981,1418)  (956,1442)  (956,1417)  (1005,1443)  (981,1393)  (1006,1393)  (1006,1418)  (954,1392)  (980,1467)  (955,1467)  (931,1442)  (931,1417)  (1030,1443)  (1030,1468)  (1005,1468)  (930,1468)  (979,1368)  (1004,1368)  (1029,1368)  (1031,1393)  (1031,1418)  (929,1392)  (929,1367)  (954,1367)  (1054,1350)  (1055,1443)  (1055,1468)  (1056,1375)  (1056,1400)  (1081,1378)
39 Sea Zone  (694,1421)  (669,1445)  (669,1420)  (718,1446)  (694,1396)  (719,1396)  (719,1421)  (667,1395)  (693,1470)  (668,1470)  (644,1445)  (644,1420)  (743,1446)  (743,1471)  (718,1471)  (643,1471)  (692,1371)  (717,1371)  (742,1371)  (744,1396)  (744,1421)  (642,1395)  (642,1370)  (667,1370)  (767,1350)  (619,1446)  (619,1421)  (768,1446)  (768,1471)  (618,1475)  (769,1375)  (769,1400)  (617,1396)  (617,1371)  (792,1350)  (793,1425)  (793,1450)  (793,1475)  (794,1375)  (794,1400)  (817,1350)  (818,1425)  (818,1450)  (818,1475)  (819,1375)  (819,1400)  (842,1350)  (843,1425)  (843,1450)  (843,1475)  (844,1375)  (844,1400)  (867,1350)  (868,1425)  (868,1450)  (868,1475)  (869,1375)  (869,1400)
45 Sea Zone  (737,1750)  (712,1774)  (712,1749)  (761,1775)  (737,1725)  (762,1725)  (762,1750)  (710,1724)  (736,1799)  (711,1799)  (687,1774)  (687,1749)  (786,1775)  (786,1800)  (761,1800)  (686,1800)  (735,1700)  (760,1700)  (785,1700)  (787,1725)  (787,1750)  (685,1724)  (685,1699)  (710,1699)  (810,1677)  (662,1775)  (662,1750)  (811,1775)  (811,1800)  (661,1804)  (735,1675)  (760,1675)  (785,1675)  (812,1702)  (812,1727)  (660,1725)  (660,1700)  (660,1675)  (685,1674)  (710,1674)  (810,1652)  (835,1652)  (835,1677)  (637,1779)  (637,1754)  (836,1752)  (836,1777)  (836,1802)  (636,1804)  (636,1650)  (735,1650)  (760,1650)  (785,1650)  (837,1702)  (837,1727)  (635,1729)  (635,1704)  (635,1679)  (860,1650)  (860,1675)  (612,1779)  (612,1754)  (861,1752)  (861,1777)  (861,1802)  (611,1804)  (611,1654)  (862,1700)  (862,1725)  (610,1729)  (610,1704)  (610,1679)
44 Sea Zone  (399,1745)  (374,1769)  (374,1744)  (423,1770)  (399,1720)  (424,1720)  (424,1745)  (372,1719)  (398,1794)  (373,1794)  (349,1769)  (349,1744)  (448,1770)  (448,1795)  (423,1795)  (348,1795)  (397,1695)  (422,1695)  (447,1695)  (449,1720)  (449,1745)  (347,1719)  (347,1694)  (372,1694)  (472,1672)  (324,1770)  (324,1745)  (473,1770)  (473,1795)  (323,1804)  (474,1697)  (474,1722)  (322,1720)  (322,1695)  (497,1650)  (299,1779)  (299,1754)  (498,1747)  (498,1772)  (498,1797)  (298,1804)  (499,1675)  (499,1700)  (297,1729)  (297,1704)  (297,1679)  (280,1654)  (522,1650)  (274,1779)  (274,1754)  (523,1725)  (523,1750)  (523,1775)  (523,1800)  (273,1804)  (524,1675)  (524,1700)  (272,1729)  (272,1704)  (272,1679)  (255,1654)  (547,1650)  (249,1779)  (249,1754)  (548,1725)  (548,1750)  (548,1775)  (548,1800)  (248,1804)  (549,1675)  (549,1700)  (247,1729)  (247,1704)  (247,1679)  (230,1654)  (572,1650)  (224,1779)  (224,1754)  (573,1725)  (573,1750)  (573,1775)  (573,1800)  (223,1804)  (574,1675)  (574,1700)  (222,1729)  (222,1704)  (222,1679)  (205,1654)  (199,1779)  (199,1754)  (198,1804)  (197,1729)  (197,1704)  (197,1679)  (180,1654)  (174,1779)  (174,1754)  (173,1804)  (172,1729)  (172,1704)  (172,1679)  (155,1654)
43 Sea Zone  (996,1566)  (971,1590)  (971,1565)  (1020,1591)  (996,1541)  (1021,1541)  (1021,1566)  (969,1540)  (995,1615)  (970,1615)  (946,1590)  (946,1565)  (1045,1591)  (945,1616)  (994,1516)  (1019,1516)  (1044,1516)  (1046,1541)  (1046,1566)  (944,1540)  (944,1515)  (969,1515)  (1069,1500)  (921,1591)  (921,1566)  (920,1625)  (1071,1525)  (1071,1550)  (1071,1575)  (919,1541)  (919,1516)  (1096,1539)  (1096,1564)
42 Sea Zone  (695,1567)  (670,1591)  (670,1566)  (719,1592)  (695,1542)  (720,1542)  (720,1567)  (668,1541)  (694,1616)  (669,1616)  (645,1591)  (645,1566)  (744,1592)  (744,1617)  (719,1617)  (644,1617)  (693,1517)  (718,1517)  (743,1517)  (745,1542)  (745,1567)  (643,1541)  (643,1516)  (668,1516)  (768,1500)  (620,1592)  (620,1567)  (769,1592)  (769,1617)  (619,1625)  (770,1525)  (770,1550)  (618,1542)  (618,1517)  (793,1500)  (794,1575)  (794,1600)  (794,1625)  (795,1525)  (795,1550)  (818,1500)  (819,1575)  (819,1600)  (819,1625)  (820,1525)  (820,1550)  (843,1500)  (844,1575)  (844,1600)  (844,1625)  (845,1525)  (845,1550)  (868,1500)  (869,1575)  (869,1600)  (869,1625)  (870,1525)  (870,1550)
49 Sea Zone  (1456,1334)  (1431,1358)  (1431,1333)  (1471,1359)  (1456,1309)  (1429,1308)  (1446,1383)  (1471,1384)  (1454,1284)  (1460,1259)
48 Sea Zone  (1412,1556)  (1387,1580)  (1387,1555)  (1436,1581)  (1412,1531)  (1437,1531)  (1437,1556)  (1385,1530)  (1411,1605)  (1386,1605)  (1441,1606)  (1361,1606)  (1410,1506)  (1435,1506)  (1460,1506)  (1462,1531)  (1385,1505)  (1419,1481)  (1444,1481)  (1469,1481)  (1431,1456)  (1456,1456)  (1431,1431)  (1456,1431)
47 Sea Zone  (1330,1738)  (1305,1762)  (1305,1737)  (1354,1763)  (1330,1713)  (1355,1713)  (1355,1738)  (1303,1712)  (1329,1787)  (1304,1787)  (1280,1762)  (1280,1737)  (1379,1763)  (1379,1788)  (1354,1788)  (1279,1788)  (1328,1688)  (1353,1688)  (1378,1688)  (1380,1713)  (1380,1738)  (1278,1712)  (1286,1687)  (1403,1665)  (1255,1763)  (1255,1738)  (1404,1763)  (1404,1788)  (1254,1804)  (1311,1663)  (1336,1663)  (1361,1663)  (1405,1690)  (1405,1715)  (1253,1713)  (1428,1650)  (1230,1779)  (1230,1754)  (1429,1740)  (1429,1765)  (1429,1790)  (1229,1804)  (1430,1675)  (1430,1700)  (1228,1729)  (1228,1704)  (1205,1779)  (1205,1754)  (1454,1725)  (1454,1750)  (1454,1775)  (1454,1800)  (1204,1804)  (1203,1729)  (1203,1704)
46 Sea Zone  (1016,1770)  (991,1794)  (991,1769)  (1040,1795)  (1016,1745)  (1041,1745)  (1041,1770)  (989,1744)  (966,1804)  (966,1779)  (1065,1795)  (1014,1720)  (1039,1720)  (1064,1720)  (1066,1745)  (1066,1770)  (964,1754)  (964,1729)  (989,1719)  (949,1704)  (1089,1697)  (941,1804)  (941,1779)  (1090,1795)  (1014,1695)  (1039,1695)  (1064,1695)  (1091,1722)  (1091,1747)  (939,1754)  (939,1729)  (974,1694)  (924,1704)  (924,1679)  (949,1679)  (1089,1672)  (1114,1672)  (1114,1697)  (916,1804)  (916,1779)  (1115,1772)  (1115,1797)  (999,1670)  (1024,1670)  (1049,1670)  (1116,1722)  (1116,1747)  (914,1754)  (914,1729)  (974,1669)  (907,1654)  (932,1654)  (1074,1647)  (1099,1647)  (1124,1647)  (1139,1672)  (1139,1697)  (1140,1772)  (1140,1797)  (1032,1645)  (1141,1722)  (1141,1747)  (1074,1622)  (1099,1622)  (1165,1772)  (1165,1797)  (1166,1701)  (1166,1726)
Eritrea  (1448,1087)
Kassala  (1395,1059)  (1370,1076)  (1370,1051)  (1409,1084)  (1395,1034)  (1420,1034)  (1420,1059)  (1369,1026)
Egypt  (1348,921)  (1323,938)  (1323,913)  (1372,946)  (1348,896)  (1373,911)  (1314,888)  (1397,957)  (1372,971)  (1339,871)  (1293,863)  (1404,982)  (1379,996)  (1318,846)  (1343,846)
Saudi Arabia  (1527,951)  (1502,975)  (1502,950)  (1551,976)  (1527,926)  (1552,926)  (1552,951)  (1500,925)  (1526,1000)  (1501,1000)  (1477,975)  (1477,950)  (1576,976)  (1576,1001)  (1551,1001)  (1476,1001)  (1525,901)  (1550,901)  (1575,901)  (1577,926)  (1577,951)  (1475,925)  (1475,900)  (1500,900)  (1526,1025)  (1501,1025)  (1601,976)  (1601,1001)  (1601,1026)  (1576,1026)  (1551,1026)  (1525,876)  (1550,876)  (1602,925)  (1602,950)  (1450,944)  (1450,919)  (1450,894)  (1475,875)  (1500,875)  (1445,869)  (1526,1050)  (1626,975)  (1626,1000)  (1574,1051)  (1525,851)  (1627,927)  (1425,894)  (1470,850)  (1495,850)  (1529,1075)  (1651,952)  (1651,977)  (1652,920)  (1676,945)  (1676,970)  (1677,918)
cyprus  (1400,774)
Kenya  (1388,1275)  (1363,1299)  (1363,1274)  (1398,1300)  (1388,1250)  (1413,1250)  (1361,1249)  (1373,1324)  (1348,1324)  (1338,1299)  (1338,1274)  (1386,1225)  (1411,1225)  (1436,1225)  (1336,1249)  (1336,1224)  (1361,1224)  (1323,1339)  (1393,1349)  (1368,1349)  (1313,1314)  (1313,1289)  (1386,1200)  (1311,1264)  (1318,1199)  (1343,1199)  (1343,1364)  (1399,1374)  (1374,1374)
British Somaliland  (1515,1126)
Italian Somaliland  (1507,1169)
Ethiopia  (1444,1147)  (1460,1172)  (1435,1172)  (1433,1122)  (1469,1143)
41 Sea Zone  (482,1582)  (457,1606)  (457,1581)  (506,1607)  (482,1557)  (507,1557)  (507,1582)  (455,1556)  (445,1631)  (432,1606)  (432,1581)  (531,1607)  (480,1532)  (505,1532)  (530,1532)  (532,1557)  (532,1582)  (430,1556)  (430,1531)  (455,1531)  (420,1643)  (555,1509)  (407,1618)  (407,1593)  (556,1607)  (480,1507)  (505,1507)  (530,1507)  (557,1534)  (557,1559)  (405,1568)  (405,1543)  (411,1506)  (436,1506)  (395,1663)
54 Sea Zone  (1616,1745)  (1591,1769)  (1591,1744)  (1640,1770)  (1616,1720)  (1641,1720)  (1641,1745)  (1589,1719)  (1615,1794)  (1590,1794)  (1566,1769)  (1566,1744)  (1665,1770)  (1665,1795)  (1640,1795)  (1565,1795)  (1614,1695)  (1639,1695)  (1664,1695)  (1666,1720)  (1666,1745)  (1564,1719)  (1564,1694)  (1589,1694)  (1689,1672)  (1541,1770)  (1541,1745)  (1690,1770)  (1690,1795)  (1540,1804)  (1614,1670)  (1639,1670)  (1664,1670)  (1691,1697)  (1691,1722)  (1539,1720)  (1539,1695)  (1546,1669)  (1571,1669)  (1714,1650)  (1516,1779)  (1516,1754)  (1715,1747)  (1715,1772)  (1715,1797)  (1515,1804)  (1716,1675)  (1716,1700)  (1514,1729)  (1514,1704)  (1491,1779)  (1491,1754)  (1490,1804)  (1489,1729)
53 Sea Zone  (1646,1473)  (1621,1497)  (1621,1472)  (1670,1498)  (1646,1448)  (1671,1448)  (1671,1473)  (1619,1447)  (1645,1522)  (1620,1522)  (1695,1498)  (1695,1523)  (1670,1523)  (1644,1423)  (1669,1423)  (1694,1423)  (1696,1448)  (1696,1473)  (1594,1460)  (1594,1435)  (1619,1422)  (1719,1411)  (1645,1547)  (1620,1547)  (1720,1498)  (1720,1523)  (1720,1548)  (1695,1548)  (1670,1548)  (1721,1436)  (1721,1461)  (1569,1460)  (1569,1435)  (1595,1564)  (1550,1485)  (1645,1572)  (1620,1572)  (1735,1573)  (1710,1573)  (1685,1573)  (1544,1460)  (1544,1435)  (1595,1589)  (1527,1511)  (1525,1486)  (1660,1597)  (1635,1597)  (1735,1598)  (1710,1598)  (1685,1598)  (1519,1461)  (1519,1436)  (1519,1411)  (1610,1614)  (1585,1614)  (1502,1521)  (1500,1496)  (1660,1622)  (1635,1622)  (1735,1623)  (1710,1623)  (1685,1623)
56 Sea Zone  (1886,1506)  (1861,1530)  (1861,1505)  (1910,1531)  (1886,1481)  (1911,1481)  (1911,1506)  (1859,1480)  (1885,1555)  (1860,1555)  (1836,1530)  (1836,1505)  (1935,1531)  (1935,1556)  (1910,1556)  (1835,1556)  (1884,1456)  (1909,1456)  (1934,1456)  (1936,1481)  (1936,1506)  (1834,1480)  (1834,1455)  (1859,1455)  (1959,1433)  (1885,1580)  (1860,1580)  (1811,1531)  (1811,1506)  (1960,1531)  (1960,1556)  (1960,1581)  (1935,1581)  (1910,1581)  (1835,1581)  (1810,1581)  (1810,1556)  (1884,1431)  (1909,1431)  (1934,1431)  (1961,1458)  (1961,1483)  (1809,1481)  (1809,1456)  (1809,1431)  (1834,1430)  (1859,1430)  (1984,1411)  (1885,1605)  (1860,1605)  (1786,1531)  (1786,1506)  (1985,1508)  (1985,1533)  (1985,1558)  (1985,1583)  (1960,1606)  (1935,1606)  (1910,1606)  (1835,1606)  (1810,1606)  (1785,1606)  (1785,1581)  (1785,1556)  (1986,1436)  (1986,1461)  (1784,1481)  (1784,1456)  (1784,1431)  (1987,1608)  (2009,1411)  (1761,1531)  (1761,1506)  (2010,1486)  (2010,1511)  (2010,1536)  (2010,1561)  (1760,1624)  (1760,1599)  (1760,1574)  (2011,1436)  (2011,1461)  (2012,1586)  (2012,1611)
55 Sea Zone  (1852,1712)  (1827,1736)  (1827,1711)  (1876,1737)  (1852,1687)  (1877,1687)  (1877,1712)  (1825,1686)  (1851,1761)  (1826,1761)  (1802,1736)  (1802,1711)  (1901,1737)  (1901,1762)  (1876,1762)  (1801,1762)  (1850,1662)  (1875,1662)  (1900,1662)  (1902,1687)  (1902,1712)  (1800,1686)  (1800,1661)  (1825,1661)  (1925,1650)  (1851,1786)  (1826,1786)  (1777,1737)  (1777,1712)  (1926,1737)  (1926,1762)  (1926,1787)  (1901,1787)  (1876,1787)  (1801,1787)  (1776,1787)  (1776,1762)  (1927,1675)  (1927,1700)  (1775,1687)  (1775,1662)  (1950,1650)  (1951,1725)  (1951,1750)  (1951,1775)  (1951,1800)  (1952,1675)  (1952,1700)  (1975,1650)  (1976,1725)  (1976,1750)  (1976,1775)  (1976,1800)  (1977,1675)  (1977,1700)  (2000,1650)  (2001,1725)  (2001,1750)  (2001,1775)  (2001,1800)  (2002,1675)  (2002,1700)
58 Sea Zone  (1901,1118)  (1876,1142)  (1876,1117)  (1925,1143)  (1904,1093)  (1926,1118)  (1929,1090)  (1869,1092)  (1851,1145)  (1851,1120)  (1950,1143)  (1951,1115)  (1849,1067)  (1922,1065)  (1947,1065)  (1954,1090)  (1844,1095)  (1972,1047)  (1826,1145)  (1826,1120)  (1975,1140)  (1976,1115)  (1824,1070)  (1824,1045)  (1934,1040)  (1979,1072)  (1819,1095)  (1959,1022)  (1984,1022)  (1997,1047)  (1802,1020)  (1801,1145)  (1801,1120)  (2000,1140)  (2001,1097)  (1799,1070)  (1799,1045)  (2004,1072)  (1794,1095)  (2009,1010)  (1935,997)  (1960,997)  (1777,1020)  (1777,995)  (1802,995)  (1776,1145)  (1776,1120)  (1774,1070)  (1774,1045)  (1769,1095)  (1985,985)  (2010,985)  (1940,972)  (1760,970)  (1785,970)  (1965,960)  (1990,960)  (2015,960)  (1760,945)  (1785,945)  (1975,935)  (2000,935)  (1760,920)  (1995,910)  (2012,885)
57 Sea Zone  (1912,1292)  (1887,1316)  (1887,1291)  (1936,1317)  (1912,1267)  (1937,1267)  (1937,1292)  (1885,1266)  (1911,1341)  (1886,1341)  (1862,1316)  (1862,1291)  (1961,1317)  (1961,1342)  (1936,1342)  (1861,1342)  (1910,1242)  (1935,1242)  (1960,1242)  (1962,1267)  (1962,1292)  (1860,1266)  (1860,1241)  (1885,1241)  (1985,1219)  (1911,1366)  (1886,1366)  (1837,1317)  (1837,1292)  (1986,1317)  (1986,1342)  (1986,1367)  (1961,1367)  (1936,1367)  (1861,1367)  (1836,1367)  (1836,1342)  (1910,1217)  (1935,1217)  (1960,1217)  (1987,1244)  (1987,1269)  (1835,1267)  (1835,1242)  (1835,1217)  (1860,1216)  (1885,1216)  (1985,1194)  (2010,1194)  (2010,1219)  (1812,1317)  (1812,1292)  (2011,1294)  (2011,1319)  (2011,1344)  (2011,1369)  (1811,1386)  (1811,1361)  (1811,1192)  (1910,1192)  (1935,1192)  (1960,1192)  (2012,1244)  (2012,1269)  (1810,1267)  (1810,1242)  (1810,1217)  (1836,1191)  (1861,1191)  (1787,1336)  (1787,1311)  (1786,1386)  (1786,1361)  (1786,1192)  (1785,1286)  (1785,1261)  (1785,1236)  (1762,1336)  (1762,1311)  (1761,1386)  (1761,1361)  (1761,1211)  (1761,1186)  (1760,1286)  (1760,1261)  (1760,1236)
59 Sea Zone  (2114,1114)  (2089,1138)  (2089,1113)  (2138,1139)  (2114,1089)  (2139,1089)  (2139,1114)  (2087,1088)  (2113,1163)  (2088,1163)  (2064,1138)  (2064,1113)  (2163,1139)  (2163,1164)  (2138,1164)  (2063,1164)  (2112,1064)  (2137,1064)  (2062,1088)  (2062,1063)  (2087,1063)  (2113,1188)  (2088,1188)  (2188,1188)  (2163,1189)  (2138,1189)  (2063,1189)  (2112,1039)  (2137,1039)  (2042,1038)  (2067,1038)  (2196,1072)  (2206,1097)  (2212,1213)  (2113,1213)  (2088,1213)  (2187,1214)  (2162,1214)  (2063,1214)  (2092,1014)  (2117,1014)  (2142,1014)  (2042,1013)  (2067,1013)  (2231,1081)  (2231,1106)  (2237,1219)  (2092,989)  (2239,1131)  (2042,988)  (2067,988)  (2249,1156)  (2254,1181)  (2256,1081)  (2256,1106)  (2262,1206)  (2092,964)  (2264,1131)  (2042,963)  (2067,963)  (2274,1156)  (2279,1181)  (2281,1085)  (2287,1206)  (2092,939)  (2289,1110)  (2042,938)  (2067,938)  (2042,913)  (2067,913)  (2042,888)
Panama  (90,793)  (65,796)  (65,771)  (114,818)  (95,768)  (89,821)  (40,788)  (139,816)  (107,743)  (153,841)  (162,866)  (15,789)  (11,764)
50 Sea Zone  (1469,1054)  (1485,1079)
51 Sea Zone  (1637,1114)  (1612,1138)  (1612,1113)  (1661,1139)  (1637,1089)  (1662,1089)  (1662,1114)  (1610,1088)  (1587,1145)  (1587,1120)  (1686,1139)  (1635,1064)  (1660,1064)  (1685,1064)  (1687,1089)  (1687,1114)  (1585,1095)  (1710,1041)  (1562,1145)  (1562,1120)  (1711,1139)  (1640,1039)  (1665,1039)  (1712,1066)  (1712,1091)  (1560,1095)  (1690,1016)  (1715,1016)  (1735,1041)  (1708,991)  (1733,991)  (1720,966)  (1731,941)  (1731,916)  (1626,895)  (1702,893)  (1727,891)  (1651,871)  (1623,870)  (1595,855)
52 Sea Zone  (1610,1274)  (1585,1298)  (1585,1273)  (1634,1299)  (1610,1249)  (1635,1249)  (1635,1274)  (1583,1248)  (1609,1323)  (1584,1323)  (1560,1298)  (1560,1273)  (1659,1299)  (1659,1324)  (1634,1324)  (1559,1324)  (1608,1224)  (1633,1224)  (1658,1224)  (1660,1249)  (1660,1274)  (1558,1248)  (1558,1223)  (1583,1223)  (1683,1201)  (1609,1348)  (1584,1348)  (1535,1299)  (1535,1274)  (1684,1299)  (1684,1324)  (1684,1349)  (1659,1349)  (1634,1349)  (1559,1349)  (1534,1349)  (1534,1324)  (1608,1199)  (1633,1199)  (1658,1199)  (1685,1226)  (1685,1251)  (1533,1249)  (1533,1224)  (1533,1199)  (1558,1198)  (1583,1198)  (1683,1176)  (1708,1176)  (1708,1201)  (1609,1373)  (1584,1373)  (1510,1299)  (1510,1274)  (1709,1276)  (1709,1301)  (1709,1326)  (1709,1351)  (1684,1374)  (1659,1374)  (1634,1374)  (1559,1374)  (1534,1374)  (1509,1374)  (1509,1349)  (1509,1324)  (1608,1174)  (1633,1174)  (1658,1174)  (1710,1226)  (1710,1251)  (1508,1249)  (1508,1224)  (1537,1173)  (1562,1173)  (1711,1376)  (1733,1170)  (1733,1195)  (1734,1276)  (1734,1301)  (1734,1326)  (1734,1351)  (1735,1220)  (1735,1245)
Chinghai  (1972,586)  (1947,610)  (1947,585)  (1996,611)  (1972,561)  (1997,561)  (1997,586)  (1945,560)  (1922,633)  (1922,608)  (2021,611)  (2021,636)  (1996,636)  (1970,536)  (1995,536)  (2022,546)  (1920,583)  (1920,558)  (1945,535)  (1918,533)  (1897,635)  (1897,610)  (2046,614)  (2046,639)  (2021,661)  (1970,511)  (1995,511)  (1895,585)  (1943,510)  (2049,664)  (2071,637)  (1870,603)  (2064,689)
Turkmenistan-Uzbekistan  (1772,584)  (1747,608)  (1747,583)  (1796,609)  (1797,568)  (1745,558)  (1722,603)  (1821,593)  (1720,578)  (1720,553)  (1715,528)
Mongolia  (2132,510)  (2107,534)  (2107,509)  (2156,535)  (2132,485)  (2157,485)  (2157,510)  (2105,484)  (2082,530)  (2181,535)  (2181,560)  (2182,490)  (2080,505)  (2080,480)  (2105,459)  (2076,455)  (2057,530)  (2206,515)  (2206,540)  (2206,565)  (2055,505)  (2055,480)  (2231,512)  (2231,537)  (2231,562)  (2030,497)  (2030,472)  (2256,512)  (2256,537)  (2005,481)  (2281,506)  (2296,531)  (2306,503)  (2321,528)  (2346,509)
68 Sea Zone  (2681,755)  (2656,779)  (2705,780)  (2668,730)  (2693,730)  (2706,755)  (2718,718)  (2680,804)  (2655,804)  (2631,779)  (2730,780)  (2730,805)  (2705,805)  (2630,805)  (2731,743)  (2621,754)  (2715,693)  (2740,693)  (2743,718)  (2613,688)  (2680,829)  (2655,829)  (2606,780)  (2755,768)  (2755,793)  (2755,818)  (2730,830)  (2705,830)  (2630,830)  (2605,830)  (2605,805)  (2756,743)  (2596,755)  (2765,671)  (2716,668)  (2768,696)  (2768,843)  (2588,696)  (2588,671)  (2613,663)  (2581,780)  (2780,768)  (2780,793)  (2780,818)  (2580,846)  (2580,821)  (2781,721)  (2571,646)  (2741,646)  (2766,646)  (2716,643)  (2638,639)  (2563,712)  (2563,687)  (2596,638)  (2556,796)  (2556,771)  (2555,846)  (2555,821)  (2554,746)  (2546,662)  (2546,637)  (2571,621)  (2741,621)  (2766,621)  (2715,618)  (2621,614)  (2646,614)  (2538,721)  (2538,696)  (2596,613)  (2537,612)  (2531,796)  (2531,771)  (2530,846)  (2530,821)  (2529,746)  (2513,721)  (2513,696)  (2512,615)  (2511,590)
69 Sea Zone  (2708,970)  (2683,994)  (2683,969)  (2732,995)  (2708,945)  (2733,945)  (2733,970)  (2681,944)  (2658,1005)  (2658,980)  (2757,995)  (2706,920)  (2731,920)  (2756,920)  (2758,945)  (2758,970)  (2656,955)  (2656,930)  (2681,919)  (2642,905)  (2781,897)  (2633,1005)  (2633,980)  (2782,995)  (2706,895)  (2731,895)  (2756,895)  (2783,922)  (2783,947)  (2631,955)  (2631,930)  (2667,894)  (2617,905)  (2617,880)  (2642,880)  (2781,872)  (2608,1005)  (2608,980)  (2606,955)  (2606,930)  (2592,905)  (2592,880)  (2583,1005)  (2583,980)  (2581,955)  (2581,930)  (2567,905)  (2567,880)  (2558,1005)  (2558,980)  (2556,955)  (2556,930)  (2542,905)  (2542,880)  (2533,1005)  (2533,980)  (2531,955)  (2531,930)
66 Sea Zone  (2490,1202)  (2465,1226)  (2465,1201)  (2514,1227)  (2490,1177)  (2515,1198)  (2463,1176)  (2489,1251)  (2464,1251)  (2440,1226)  (2440,1201)  (2539,1223)  (2539,1248)  (2514,1252)  (2439,1252)  (2488,1152)  (2438,1176)  (2438,1151)  (2463,1151)  (2560,1273)  (2489,1276)  (2464,1276)  (2415,1227)  (2415,1202)  (2564,1200)  (2564,1225)  (2535,1277)  (2439,1277)  (2414,1277)  (2414,1252)  (2488,1127)  (2413,1177)  (2413,1152)  (2413,1127)  (2438,1126)  (2463,1126)  (2585,1250)  (2585,1275)  (2560,1298)  (2587,1300)  (2510,1301)  (2485,1301)  (2390,1227)  (2390,1202)  (2589,1200)  (2589,1225)  (2535,1302)  (2460,1302)  (2435,1302)  (2410,1302)  (2389,1277)  (2389,1252)  (2389,1102)  (2488,1102)  (2388,1177)  (2388,1152)  (2388,1127)  (2414,1101)  (2439,1101)  (2610,1250)  (2610,1275)  (2612,1300)  (2365,1227)  (2365,1202)  (2614,1200)  (2614,1225)  (2364,1267)  (2364,1102)  (2364,1077)  (2389,1077)  (2464,1077)  (2489,1077)  (2363,1177)  (2363,1152)  (2363,1127)  (2414,1076)  (2439,1076)  (2340,1242)  (2340,1217)  (2339,1102)  (2339,1077)  (2338,1192)  (2338,1167)  (2338,1142)
67 Sea Zone  (2438,980)  (2413,1004)  (2413,979)  (2462,1005)  (2438,955)  (2463,955)  (2463,980)  (2411,954)  (2437,1029)  (2412,1029)  (2388,1004)  (2388,979)  (2487,1005)  (2487,1030)  (2462,1030)  (2387,1030)  (2436,930)  (2461,930)  (2486,930)  (2488,955)  (2488,980)  (2386,954)  (2386,929)  (2411,929)  (2363,1005)  (2363,980)  (2362,1047)  (2436,905)  (2461,905)  (2486,905)  (2361,955)  (2361,930)  (2392,904)  (2338,1022)  (2338,997)  (2337,1047)  (2420,880)  (2445,880)  (2470,880)  (2336,972)  (2336,947)  (2440,855)  (2465,855)  (2490,855)  (2311,974)  (2311,949)  (2311,924)  (2452,830)  (2477,830)  (2462,805)  (2487,805)  (2468,780)  (2493,780)  (2469,755)  (2448,711)
64 Sea Zone  (2420,1557)  (2395,1581)  (2395,1556)  (2444,1582)  (2420,1532)  (2445,1532)  (2445,1557)  (2393,1531)  (2419,1606)  (2394,1606)  (2370,1581)  (2370,1556)  (2469,1582)  (2469,1607)  (2444,1607)  (2369,1607)  (2418,1507)  (2443,1507)  (2468,1507)  (2470,1532)  (2470,1557)  (2368,1531)  (2368,1506)  (2393,1506)  (2493,1500)  (2345,1582)  (2345,1557)  (2344,1625)  (2495,1525)  (2495,1550)  (2343,1532)  (2343,1507)  (2518,1500)  (2320,1600)  (2320,1575)  (2319,1625)  (2520,1525)  (2318,1550)  (2318,1525)  (2318,1500)  (2543,1500)  (2545,1525)  (2568,1482)  (2570,1507)  (2593,1457)  (2618,1432)  (2643,1407)  (2643,1432)  (2668,1400)  (2668,1425)  (2693,1400)  (2752,1400)  (2777,1400)  (2802,1400)  (2802,1438)  (2814,1463)
65 Sea Zone  (2430,1394)  (2405,1418)  (2405,1393)  (2454,1419)  (2430,1369)  (2455,1369)  (2455,1394)  (2403,1368)  (2429,1443)  (2404,1443)  (2380,1418)  (2380,1393)  (2479,1419)  (2479,1444)  (2454,1444)  (2379,1444)  (2480,1347)  (2480,1372)  (2378,1368)  (2378,1343)  (2429,1468)  (2404,1468)  (2355,1419)  (2355,1394)  (2504,1397)  (2504,1422)  (2504,1447)  (2479,1469)  (2454,1469)  (2379,1469)  (2354,1469)  (2354,1444)  (2505,1347)  (2505,1372)  (2353,1369)  (2353,1344)  (2353,1319)  (2507,1472)  (2330,1419)  (2330,1394)  (2529,1397)  (2529,1422)  (2529,1447)  (2329,1475)  (2329,1450)  (2329,1294)  (2530,1347)  (2530,1372)  (2328,1369)  (2328,1344)  (2328,1319)  (2305,1425)  (2305,1400)  (2554,1397)  (2554,1422)  (2304,1475)  (2304,1450)  (2304,1294)  (2304,1269)  (2555,1347)  (2555,1372)  (2303,1375)  (2303,1350)  (2303,1325)  (2280,1425)  (2280,1400)  (2579,1397)  (2279,1475)  (2279,1450)  (2279,1300)  (2279,1275)  (2279,1250)  (2580,1347)  (2580,1372)  (2278,1375)  (2278,1350)  (2278,1325)  (2255,1425)  (2255,1400)  (2254,1475)  (2254,1450)  (2254,1300)  (2254,1275)  (2254,1250)  (2605,1347)  (2605,1372)  (2253,1375)  (2253,1350)  (2253,1325)  (2230,1425)  (2230,1400)  (2229,1475)  (2229,1450)  (2229,1300)  (2229,1275)  (2229,1250)  (2228,1375)  (2228,1350)  (2228,1325)
63 Sea Zone  (2411,1725)  (2386,1749)  (2386,1724)  (2435,1750)  (2411,1700)  (2436,1700)  (2436,1725)  (2384,1699)  (2410,1774)  (2385,1774)  (2361,1749)  (2361,1724)  (2460,1750)  (2460,1775)  (2435,1775)  (2360,1775)  (2409,1675)  (2434,1675)  (2459,1675)  (2461,1700)  (2461,1725)  (2359,1699)  (2359,1674)  (2384,1674)  (2484,1652)  (2410,1799)  (2385,1799)  (2336,1750)  (2336,1725)  (2485,1750)  (2485,1775)  (2485,1800)  (2460,1800)  (2435,1800)  (2360,1800)  (2335,1800)  (2335,1775)  (2409,1650)  (2434,1650)  (2459,1650)  (2486,1677)  (2486,1702)  (2334,1700)  (2334,1675)  (2334,1650)  (2510,1727)  (2510,1752)  (2510,1777)  (2510,1802)  (2511,1678)  (2535,1751)  (2535,1776)  (2535,1801)  (2560,1758)  (2560,1783)  (2585,1758)  (2585,1783)  (2610,1738)  (2610,1763)  (2610,1788)  (2635,1735)  (2635,1760)  (2635,1785)  (2660,1719)  (2660,1744)  (2660,1769)  (2660,1794)  (2685,1708)  (2685,1733)  (2685,1758)  (2685,1783)  (2710,1699)  (2710,1724)  (2710,1749)  (2710,1774)  (2710,1799)
62 Sea Zone  (2166,1734)  (2141,1758)  (2141,1733)  (2190,1759)  (2166,1709)  (2191,1709)  (2191,1734)  (2139,1708)  (2165,1783)  (2140,1783)  (2116,1758)  (2116,1733)  (2215,1759)  (2215,1784)  (2190,1784)  (2115,1784)  (2164,1684)  (2189,1684)  (2214,1684)  (2216,1709)  (2216,1734)  (2114,1708)  (2114,1683)  (2139,1683)  (2239,1661)  (2091,1759)  (2091,1734)  (2240,1759)  (2240,1784)  (2090,1804)  (2164,1659)  (2189,1659)  (2214,1659)  (2241,1686)  (2241,1711)  (2089,1709)  (2089,1684)  (2089,1659)  (2114,1658)  (2139,1658)  (2264,1650)  (2066,1779)  (2066,1754)  (2265,1736)  (2265,1761)  (2265,1786)  (2065,1804)  (2266,1675)  (2266,1700)  (2064,1729)  (2064,1704)  (2064,1679)  (2064,1654)  (2289,1650)  (2290,1725)  (2290,1750)  (2290,1775)  (2290,1800)  (2291,1675)  (2291,1700)
61 Sea Zone  (2146,1571)  (2121,1595)  (2121,1570)  (2170,1596)  (2146,1546)  (2171,1546)  (2171,1571)  (2119,1545)  (2145,1620)  (2120,1620)  (2096,1595)  (2096,1570)  (2195,1596)  (2195,1621)  (2170,1621)  (2095,1621)  (2144,1521)  (2169,1521)  (2194,1521)  (2196,1546)  (2196,1571)  (2094,1545)  (2094,1520)  (2119,1520)  (2219,1500)  (2071,1596)  (2071,1571)  (2220,1596)  (2220,1621)  (2070,1625)  (2221,1525)  (2221,1550)  (2069,1546)  (2069,1521)  (2244,1500)  (2046,1600)  (2046,1575)  (2245,1575)  (2245,1600)  (2245,1625)  (2045,1625)  (2246,1525)  (2246,1550)  (2044,1550)  (2044,1525)  (2044,1500)  (2269,1500)  (2270,1575)  (2270,1600)  (2270,1625)  (2271,1525)  (2271,1550)
60 Sea Zone  (2117,1357)  (2092,1381)  (2092,1356)  (2141,1382)  (2117,1332)  (2142,1332)  (2142,1357)  (2090,1331)  (2116,1406)  (2091,1406)  (2067,1381)  (2067,1356)  (2166,1382)  (2166,1407)  (2141,1407)  (2066,1407)  (2115,1307)  (2140,1307)  (2165,1307)  (2167,1332)  (2167,1357)  (2065,1331)  (2065,1306)  (2090,1306)  (2190,1284)  (2116,1431)  (2091,1431)  (2042,1382)  (2042,1357)  (2191,1382)  (2191,1407)  (2191,1432)  (2166,1432)  (2141,1432)  (2066,1432)  (2115,1282)  (2140,1282)  (2165,1282)  (2192,1309)  (2192,1334)  (2042,1281)  (2067,1281)  (2190,1259)  (2116,1456)  (2091,1456)  (2193,1457)  (2168,1457)  (2143,1457)  (2066,1457)  (2092,1257)  (2117,1257)  (2142,1257)  (2042,1256)  (2067,1256)
Hupeh  (2252,704)  (2227,728)  (2227,703)  (2256,729)  (2253,679)  (2278,678)  (2231,753)  (2303,664)
Kiangsu  (2361,642)  (2336,627)  (2380,667)  (2355,667)  (2361,617)  (2386,617)  (2404,692)  (2379,692)
Suiyuan  (2269,609)  (2244,633)  (2244,608)  (2284,634)  (2273,584)  (2294,609)  (2222,658)  (2219,633)  (2219,608)
Ningxia  (2120,608)  (2095,611)  (2095,586)  (2144,633)  (2120,583)  (2145,583)  (2145,608)  (2119,636)  (2072,561)  (2070,587)  (2169,633)  (2169,658)  (2144,658)  (2170,596)  (2190,683)
French Indo-China  (2287,868)  (2252,901)  (2211,911)  (2257,961)  (2282,1011)  (2242,1035)
Kwangtung  (2361,833)  (2336,856)  (2336,831)  (2385,858)  (2361,808)  (2386,808)  (2386,833)  (2336,806)  (2360,881)  (2361,783)  (2386,783)
Fukien  (2332,742)  (2307,766)  (2307,741)  (2332,717)  (2357,723)  (2305,716)  (2303,791)  (2382,729)  (2278,795)  (2303,816)  (2278,820)  (2410,750)  (2419,800)  (2422,775)
Yunnan  (2200,844)  (2175,850)  (2191,819)  (2216,819)  (2225,844)  (2193,875)  (2250,867)  (2134,813)
Burma  (2105,869)  (2129,894)  (2079,844)  (2104,844)  (2129,844)  (2130,869)  (2154,894)  (2134,919)  (2054,843)  (2053,818)  (2138,947)
Himalaya  (1993,726)  (1968,750)  (1968,725)  (2017,751)  (2018,712)  (1966,700)  (1991,700)  (2042,737)  (2042,762)  (1941,718)  (1941,693)  (1966,675)  (1934,668)  (2067,724)  (2067,749)  (1909,687)  (2092,749)  (1884,684)  (1866,659)  (1841,670)
Afganistan  (1778,695)  (1753,719)  (1753,694)  (1778,670)  (1803,670)  (1766,744)
79 Sea Zone  (2707,454)  (2682,478)  (2682,453)  (2731,479)  (2707,429)  (2732,447)  (2680,428)  (2706,503)  (2681,503)  (2657,478)  (2657,453)  (2756,472)  (2756,497)  (2731,504)  (2656,504)  (2705,404)  (2757,447)  (2655,428)  (2655,403)  (2680,403)  (2774,522)  (2706,528)  (2681,528)  (2632,479)  (2632,454)  (2781,472)  (2781,497)  (2749,529)  (2656,529)  (2631,529)  (2631,504)  (2705,379)  (2782,447)  (2630,429)  (2630,404)  (2630,379)  (2655,378)  (2680,378)  (2785,547)  (2724,553)  (2699,553)  (2607,479)  (2607,454)  (2760,554)  (2652,554)  (2627,554)  (2606,529)  (2606,504)  (2613,354)  (2638,353)  (2663,353)  (2688,353)  (2602,558)  (2785,572)  (2584,332)  (2581,533)  (2581,508)  (2609,329)  (2634,328)  (2659,328)  (2577,575)  (2556,550)  (2593,304)  (2618,303)  (2643,303)  (2552,575)  (2616,278)
75 Sea Zone  (3019,1114)  (2994,1138)  (2994,1113)  (3043,1139)  (3019,1089)  (3044,1089)  (3044,1114)  (2992,1088)  (3018,1163)  (2993,1163)  (2969,1138)  (2969,1113)  (3068,1139)  (3068,1164)  (3043,1164)  (2968,1164)  (3017,1064)  (3042,1064)  (3067,1064)  (3069,1089)  (3069,1114)  (2967,1088)  (2967,1063)  (2992,1063)  (3092,1041)  (2944,1139)  (2944,1114)  (3093,1139)  (3093,1164)  (2943,1175)  (3017,1039)  (3042,1039)  (3067,1039)  (3094,1066)  (3094,1091)  (2942,1089)  (2942,1064)  (2942,1039)  (2967,1038)  (2992,1038)  (2919,1150)  (2919,1125)  (2918,1175)  (2917,1100)  (2917,1075)  (2917,1050)  (2894,1150)  (2894,1125)  (2893,1175)  (2892,1100)  (2892,1075)  (2892,1050)  (2869,1150)  (2869,1125)  (2868,1175)  (2867,1100)  (2867,1075)  (2867,1050)  (2844,1150)  (2844,1125)  (2843,1175)  (2842,1100)  (2842,1075)  (2842,1050)  (2819,1150)  (2819,1125)  (2818,1175)  (2817,1100)  (2817,1075)  (2817,1050)  (2794,1150)  (2794,1125)  (2793,1175)  (2792,1100)  (2792,1075)  (2792,1050)  (2769,1150)  (2769,1125)  (2768,1175)  (2767,1100)  (2767,1075)  (2767,1050)
76 Sea Zone  (2893,943)  (2868,967)  (2868,942)  (2917,968)  (2893,918)  (2918,918)  (2918,943)  (2866,917)  (2892,992)  (2867,992)  (2843,967)  (2843,942)  (2942,968)  (2942,993)  (2917,993)  (2842,993)  (2891,893)  (2916,893)  (2941,893)  (2943,918)  (2943,943)  (2841,917)  (2841,892)  (2866,892)  (2966,871)  (2818,968)  (2818,943)  (2967,968)  (2967,993)  (2817,1005)  (2968,896)  (2968,921)  (2816,918)  (2816,893)  (2991,871)  (2992,946)  (2992,971)  (2992,996)  (2993,896)  (2993,921)
77 Sea Zone  (2896,728)  (2871,752)  (2871,727)  (2920,753)  (2896,703)  (2921,703)  (2921,728)  (2869,702)  (2895,777)  (2870,777)  (2846,752)  (2846,727)  (2945,753)  (2945,778)  (2920,778)  (2845,778)  (2894,678)  (2919,678)  (2944,678)  (2946,703)  (2946,728)  (2844,702)  (2844,677)  (2869,677)  (2969,655)  (2895,802)  (2870,802)  (2821,753)  (2821,728)  (2970,753)  (2970,778)  (2970,803)  (2945,803)  (2920,803)  (2845,803)  (2820,803)  (2820,778)  (2894,653)  (2919,653)  (2944,653)  (2971,680)  (2971,705)  (2819,703)  (2819,678)  (2819,653)  (2844,652)  (2869,652)  (2969,630)  (2994,630)  (2994,655)  (2895,827)  (2870,827)  (2995,730)  (2995,755)  (2995,780)  (2995,805)  (2970,828)  (2945,828)  (2920,828)  (2845,828)  (2820,828)  (2810,628)  (2894,628)  (2919,628)  (2944,628)  (2996,680)  (2996,705)  (2835,627)  (2860,627)  (2997,830)  (2969,605)  (2994,605)  (2810,603)  (2885,603)  (2910,603)  (2935,603)  (2835,602)  (2860,602)
78 Sea Zone  (2864,528)  (2839,552)  (2839,527)  (2888,553)  (2864,503)  (2889,503)  (2889,528)  (2837,502)  (2814,575)  (2814,550)  (2913,553)  (2862,478)  (2887,478)  (2912,478)  (2914,503)  (2914,528)  (2812,525)  (2812,500)  (2837,477)  (2810,475)  (2937,455)  (2938,553)  (2862,453)  (2887,453)  (2912,453)  (2939,480)  (2939,505)  (2835,452)  (2810,450)  (2962,447)  (2963,530)  (2963,555)  (2964,472)  (2964,497)  (2987,447)  (2988,522)  (2988,547)  (2988,572)  (2989,472)  (2989,497)
72 Sea Zone  (3022,1740)  (2997,1764)  (2997,1739)  (3046,1765)  (3022,1715)  (3047,1715)  (3047,1740)  (2995,1714)  (3021,1789)  (2996,1789)  (2972,1764)  (2972,1739)  (3071,1765)  (3071,1790)  (3046,1790)  (2971,1790)  (3020,1690)  (3045,1690)  (3070,1690)  (3072,1715)  (3072,1740)  (2995,1689)  (3095,1667)  (2947,1765)  (3096,1765)  (3096,1790)  (2946,1804)  (3020,1665)  (3045,1665)  (3070,1665)  (3097,1692)  (3097,1717)  (2921,1804)  (2896,1804)  (2871,1804)  (2846,1804)  (2821,1804)  (2809,1779)  (2796,1804)  (2786,1754)  (2784,1779)  (2771,1804)  (2761,1754)  (2759,1779)
71 Sea Zone  (2695,1311)  (2670,1335)  (2670,1310)  (2719,1336)  (2695,1286)  (2720,1286)  (2720,1311)  (2668,1285)  (2694,1360)  (2669,1360)  (2744,1336)  (2744,1361)  (2719,1361)  (2693,1261)  (2718,1261)  (2745,1283)  (2745,1308)  (2650,1260)  (2769,1333)  (2769,1358)  (2675,1236)  (2700,1236)  (2770,1288)  (2650,1235)  (2778,1228)  (2794,1313)  (2794,1338)  (2794,1363)  (2675,1211)  (2700,1211)  (2650,1210)  (2725,1203)  (2761,1203)  (2786,1203)  (2811,1200)  (2819,1350)  (2819,1375)
74 Sea Zone  (3037,1324)  (3012,1348)  (3012,1323)  (3061,1349)  (3037,1299)  (3062,1299)  (3062,1324)  (3010,1298)  (3036,1373)  (3011,1373)  (2987,1334)  (3086,1349)  (3086,1374)  (3061,1374)  (3035,1274)  (3060,1274)  (3085,1274)  (3087,1299)  (3087,1324)  (2985,1309)  (2985,1284)  (3010,1273)  (2971,1259)  (2961,1375)  (3035,1249)  (3060,1249)  (3085,1249)  (2996,1248)  (2946,1280)  (2946,1255)  (2971,1234)  (2942,1230)  (2936,1375)  (3021,1224)  (3046,1224)  (3071,1224)  (3096,1224)  (2996,1223)  (2930,1350)  (2967,1209)  (2917,1250)  (2917,1225)  (2942,1205)  (2912,1200)  (2911,1375)  (2892,1240)  (2887,1215)  (2886,1375)  (2862,1232)  (2862,1207)  (2861,1375)
73 Sea Zone  (3021,1494)  (2996,1518)  (2996,1493)  (3045,1519)  (3021,1469)  (3046,1469)  (3046,1494)  (2994,1468)  (3020,1543)  (2995,1543)  (2971,1518)  (2971,1493)  (3070,1519)  (3070,1544)  (3045,1544)  (2970,1544)  (3019,1444)  (3044,1444)  (3069,1444)  (3071,1469)  (3071,1494)  (2969,1468)  (2969,1443)  (2994,1443)  (3094,1421)  (3020,1568)  (2995,1568)  (2946,1519)  (2946,1494)  (3095,1519)  (3095,1544)  (3095,1569)  (3070,1569)  (3045,1569)  (3019,1419)  (3044,1419)  (3069,1419)  (3096,1446)  (3096,1471)  (2944,1469)  (2944,1444)  (2944,1419)  (2969,1418)  (2994,1418)  (3020,1593)  (2995,1593)  (3107,1594)  (3082,1594)  (3057,1594)  (2919,1476)  (2919,1451)  (2919,1426)  (2919,1401)  (3032,1618)  (3007,1618)  (3107,1619)  (3082,1619)  (3057,1619)  (2894,1437)  (2894,1412)
70 Sea Zone  (2653,1081)  (2628,1105)  (2628,1080)  (2677,1106)  (2653,1056)  (2678,1056)  (2678,1081)  (2626,1055)  (2652,1130)  (2627,1130)  (2603,1105)  (2603,1080)  (2702,1106)  (2702,1131)  (2677,1131)  (2602,1131)  (2651,1031)  (2676,1031)  (2701,1031)  (2703,1056)  (2703,1081)  (2601,1055)  (2601,1030)  (2626,1030)  (2726,1030)  (2652,1155)  (2627,1155)  (2578,1106)  (2578,1081)  (2727,1106)  (2727,1131)  (2727,1156)  (2702,1156)  (2677,1156)  (2602,1156)  (2577,1156)  (2577,1131)  (2728,1055)  (2728,1080)  (2576,1056)  (2576,1031)  (2553,1106)  (2553,1081)  (2552,1175)  (2552,1150)  (2551,1056)  (2551,1031)  (2528,1125)  (2528,1100)  (2527,1160)  (2526,1075)  (2526,1050)
Iran  (1649,732)  (1624,756)  (1624,731)  (1673,757)  (1649,707)  (1674,707)  (1674,732)  (1622,706)  (1648,781)  (1623,781)  (1599,756)  (1599,731)  (1698,757)  (1698,782)  (1673,782)  (1598,782)  (1647,682)  (1672,682)  (1697,682)  (1699,707)  (1699,732)  (1597,706)  (1597,681)  (1622,681)  (1722,659)  (1648,806)  (1623,806)  (1574,757)  (1715,807)  (1690,807)  (1647,657)  (1691,657)  (1572,702)  (1573,656)  (1598,656)  (1716,634)  (1665,831)  (1728,832)  (1703,832)
India  (1877,859)  (1852,883)  (1852,858)  (1901,884)  (1877,834)  (1902,834)  (1902,859)  (1850,833)  (1876,908)  (1851,908)  (1827,883)  (1827,858)  (1926,884)  (1926,909)  (1901,909)  (1826,909)  (1875,809)  (1900,809)  (1925,809)  (1927,834)  (1927,859)  (1825,833)  (1825,808)  (1850,808)  (1950,786)  (1876,933)  (1851,933)  (1802,884)  (1802,859)  (1951,884)  (1927,934)  (1902,934)  (1826,934)  (1875,784)  (1900,784)  (1925,784)  (1952,811)  (1952,836)  (1800,834)  (1800,809)  (1800,784)  (1825,783)  (1850,783)  (1877,958)  (1852,958)  (1777,884)  (1777,859)  (1976,861)  (1906,959)  (1798,759)  (1875,759)  (1900,759)  (1925,759)  (1977,790)  (1977,815)  (1775,834)  (1775,809)  (1823,758)  (1848,758)  (1881,983)  (1856,983)  (2001,840)  (1873,734)  (2002,793)  (1805,733)  (1830,733)  (1906,996)  (1881,1008)  (1856,1008)  (1855,709)  (1901,1033)  (1876,1033)  (1886,1058)  (1938,1092)
Trans-Jordan  (1430,828)  (1405,846)
Iraq  (1524,772)  (1499,796)  (1548,797)  (1516,747)  (1541,743)  (1550,822)  (1532,718)
Turkey  (1404,691)  (1379,715)  (1379,690)  (1428,716)  (1404,666)  (1429,666)  (1429,691)  (1363,740)  (1354,715)  (1354,690)  (1454,659)  (1454,684)  (1329,733)  (1329,708)  (1479,659)  (1479,684)  (1504,652)  (1504,677)  (1529,637)  (1529,662)
Syria  (1469,746)  (1444,770)
West Russia  (1526,318)  (1501,342)  (1501,317)  (1550,343)  (1526,293)  (1551,293)  (1551,318)  (1499,292)  (1520,367)  (1575,343)  (1575,368)  (1524,268)  (1549,268)  (1474,298)  (1488,267)  (1595,393)  (1513,243)  (1538,243)  (1488,242)  (1523,218)
88 Sea Zone  (3093,980)  (3068,1004)  (3068,979)  (3117,1005)  (3093,955)  (3118,955)  (3118,980)  (3066,954)  (3043,1005)  (3043,980)  (3142,1005)  (3142,1030)  (3091,930)  (3116,930)  (3141,930)  (3143,955)  (3143,980)  (3041,955)  (3041,930)  (3066,929)  (3022,905)  (3091,905)  (3116,905)  (3141,905)  (3047,904)  (3022,880)  (3072,880)  (3097,880)  (3122,880)  (3147,880)  (3047,879)
89 Sea Zone  (3224,961)  (3199,985)  (3199,960)  (3248,986)  (3224,936)  (3249,936)  (3249,961)  (3197,935)  (3223,1010)  (3198,1010)  (3174,985)  (3174,960)  (3273,986)  (3273,1011)  (3248,1011)  (3173,1011)  (3222,911)  (3247,911)  (3272,911)  (3274,936)  (3274,961)  (3173,910)  (3297,888)  (3298,986)  (3298,1011)  (3198,886)  (3223,886)  (3248,886)  (3299,913)  (3299,938)  (3173,885)  (3322,871)  (3323,963)  (3323,988)  (3323,1013)  (3324,896)  (3324,921)  (3347,871)  (3348,946)  (3348,971)  (3348,996)  (3348,1021)  (3349,896)  (3349,921)  (3372,871)  (3373,946)  (3373,971)  (3373,996)  (3373,1021)  (3374,896)  (3374,921)
86 Sea Zone  (3211,736)  (3186,760)  (3186,735)  (3226,761)  (3211,711)  (3184,710)  (3161,784)  (3161,759)  (3159,734)  (3159,709)  (3136,784)  (3136,759)  (3134,734)  (3134,709)
87 Sea Zone  (3067,821)  (3042,845)  (3042,820)  (3091,846)  (3067,796)  (3092,796)  (3092,821)  (3040,795)  (3116,846)  (3065,771)  (3090,771)  (3117,809)  (3022,770)  (3141,834)  (3142,809)  (3166,834)  (3167,809)  (3191,834)  (3192,809)  (3216,834)  (3217,809)  (3241,834)  (3242,809)  (3251,751)  (3251,776)  (3266,834)  (3267,801)  (3276,750)  (3276,775)  (3291,826)  (3292,800)  (3301,751)
81 Sea Zone  (2983,223)  (2958,247)  (2958,222)  (2997,248)  (2983,198)  (3008,198)  (3008,223)  (2972,272)  (2947,272)  (2933,247)  (3029,173)  (3033,198)  (2922,272)  (3054,152)  (3029,148)  (2899,247)  (2897,272)  (3079,143)  (3032,123)  (2872,272)  (3114,111)  (3116,55)  (3091,48)  (3116,30)  (3072,23)  (3047,6)  (3097,5)  (3122,5)
80 Sea Zone  (2885,372)  (2860,396)  (2860,371)  (2909,397)  (2885,347)  (2910,347)  (2910,372)  (2858,346)  (2884,421)  (2859,421)  (2835,396)  (2835,371)  (2934,397)  (2934,422)  (2909,422)  (2834,422)  (2883,322)  (2908,322)  (2933,322)  (2935,347)  (2935,372)  (2853,321)  (2958,299)  (2810,397)  (2959,397)  (2959,422)  (2809,422)  (2878,297)  (2903,297)  (2928,297)  (2960,324)  (2960,349)  (2983,297)  (2984,374)  (2984,399)  (2784,422)  (2985,322)  (2985,347)  (2775,264)  (2759,422)  (2752,397)  (2781,239)  (2750,284)  (2743,352)  (2739,327)  (2725,302)  (2725,277)  (2700,309)  (2700,284)  (2675,284)
85 Sea Zone  (3156,649)  (3131,673)  (3131,648)  (3180,674)  (3156,624)  (3181,624)  (3181,649)  (3129,623)  (3106,678)  (3106,653)  (3205,674)  (3206,600)  (3206,625)  (3104,628)  (3104,603)  (3105,703)  (3081,678)  (3081,653)  (3230,650)  (3230,675)  (3080,724)  (3231,600)  (3231,625)  (3079,628)  (3079,603)  (3251,703)  (3056,699)  (3056,674)  (3255,650)  (3255,675)  (3055,725)  (3256,600)  (3256,625)  (3054,649)  (3054,624)  (3276,700)  (3276,725)  (3031,700)  (3031,675)  (3280,650)  (3280,675)  (3030,725)  (3281,600)  (3281,625)  (3029,650)  (3029,625)  (3029,600)  (3301,700)
84 Sea Zone  (3131,494)  (3106,518)  (3106,493)  (3155,519)  (3131,469)  (3156,469)  (3156,494)  (3104,468)  (3130,543)  (3105,543)  (3081,518)  (3081,493)  (3180,519)  (3180,544)  (3155,544)  (3080,544)  (3181,447)  (3181,472)  (3079,468)  (3130,568)  (3105,568)  (3056,519)  (3056,494)  (3205,497)  (3205,522)  (3205,547)  (3180,569)  (3155,569)  (3080,569)  (3055,569)  (3055,544)  (3206,447)  (3206,472)  (3054,469)  (3208,572)  (3031,519)  (3031,494)  (3230,497)  (3230,522)  (3230,547)  (3030,575)  (3030,550)  (3231,447)  (3231,472)  (3029,469)  (3233,572)  (3255,497)  (3255,522)  (3255,547)  (3256,447)  (3256,472)  (3258,572)  (3280,497)  (3280,522)  (3280,547)  (3281,447)  (3281,472)  (3283,572)
83 Sea Zone  (3160,363)  (3135,387)  (3135,362)  (3184,388)  (3160,338)  (3185,338)  (3185,363)  (3133,337)  (3159,412)  (3134,412)  (3110,387)  (3110,362)  (3209,388)  (3209,413)  (3184,413)  (3109,413)  (3158,313)  (3183,313)  (3208,313)  (3210,338)  (3210,363)  (3108,337)  (3108,312)  (3133,312)  (3233,297)  (3085,388)  (3085,363)  (3234,388)  (3234,413)  (3084,422)  (3235,322)  (3235,347)  (3083,338)  (3083,313)  (3258,297)  (3060,397)  (3060,372)  (3259,372)  (3259,397)  (3259,422)  (3059,422)  (3260,322)  (3260,347)  (3058,347)  (3058,322)  (3058,297)  (3283,297)  (3035,397)  (3035,372)  (3284,372)  (3284,397)  (3284,422)  (3034,422)  (3285,322)  (3285,347)  (3033,347)  (3033,322)  (3033,297)
82 Sea Zone  (3151,245)  (3126,269)  (3126,244)  (3175,270)  (3151,220)  (3176,220)  (3176,245)  (3124,219)  (3101,272)  (3101,247)  (3200,270)  (3149,195)  (3174,195)  (3199,195)  (3201,220)  (3201,245)  (3099,222)  (3099,197)  (3124,194)  (3224,174)  (3076,272)  (3076,247)  (3225,270)  (3149,170)  (3174,170)  (3226,199)  (3226,224)  (3074,222)  (3113,169)  (3249,166)  (3051,272)  (3051,247)  (3250,249)  (3138,145)  (3163,145)  (3251,191)  (3251,216)  (3274,156)  (3026,272)  (3275,241)  (3275,266)  (3151,120)  (3276,181)  (3276,206)  (3299,150)  (3300,231)  (3300,256)  (3151,95)  (3301,175)  (3301,200)  (3176,89)  (3201,80)  (3151,70)  (3176,64)  (3201,55)  (3151,45)  (3226,41)  (3176,39)  (3251,35)  (3201,30)  (3151,20)  (3226,16)  (3176,14)  (3276,12)  (3251,10)  (3201,5)  (3301,4)
Yamalia  (1996,169)  (1971,193)  (1971,168)  (2020,194)  (1996,144)  (2021,144)  (2021,169)  (1969,143)  (1995,218)  (1970,218)  (1946,193)  (1946,168)  (2045,194)  (2045,219)  (2020,219)  (1945,219)  (1994,119)  (2019,119)  (2044,119)  (2046,144)  (2046,169)  (1944,143)  (1944,118)  (1969,118)  (1995,243)  (1921,194)  (1921,169)  (2051,244)  (2026,244)  (1920,237)  (1994,94)  (2019,94)  (2044,94)  (1943,93)  (1968,93)  (1896,212)  (2023,69)  (2048,69)  (2073,56)  (1871,210)
Yugra  (1889,319)  (1864,343)  (1864,318)  (1913,344)  (1889,294)  (1914,294)  (1914,319)  (1862,293)  (1887,368)  (1862,368)  (1839,343)  (1839,318)  (1938,344)  (1887,269)  (1912,269)  (1937,269)  (1939,294)  (1939,319)  (1837,370)  (1837,293)  (1837,268)  (1862,268)  (1871,393)  (1964,276)  (1964,301)  (1964,326)  (1846,395)  (1833,243)  (1989,279)  (1989,304)  (2014,287)
Kazakhstan  (1780,469)  (1755,493)  (1755,468)  (1804,494)  (1780,444)  (1805,444)  (1805,469)  (1753,443)  (1779,518)  (1730,491)  (1829,494)  (1829,519)  (1804,519)  (1781,419)  (1806,419)  (1830,444)  (1830,469)  (1728,466)  (1728,441)  (1854,494)  (1854,519)  (1854,544)  (1829,544)  (1855,430)  (1855,455)  (1703,489)  (1703,464)  (1703,439)  (1879,480)  (1879,526)  (1879,551)  (1679,526)  (1880,430)  (1880,455)  (1678,486)  (1678,461)  (1678,436)  (1904,480)  (1654,528)  (1905,438)  (1653,469)
Caucasus  (1544,531)  (1519,555)  (1519,530)  (1568,556)  (1544,506)  (1517,505)  (1569,504)  (1543,580)  (1518,580)  (1494,555)  (1494,530)  (1593,565)  (1568,581)  (1492,505)  (1548,479)  (1573,479)  (1598,474)  (1602,590)  (1543,605)  (1469,561)  (1469,536)  (1577,606)  (1570,454)  (1595,449)  (1620,449)
Central Russia  (1679,267)  (1654,291)  (1654,266)  (1703,292)  (1679,242)  (1704,242)  (1704,267)  (1652,241)  (1678,316)  (1653,316)  (1629,291)  (1629,266)  (1728,292)  (1728,317)  (1703,317)  (1628,317)  (1677,217)  (1702,217)  (1727,217)  (1729,242)  (1729,267)  (1627,241)  (1627,216)  (1652,216)  (1752,194)  (1678,341)  (1653,341)  (1604,292)  (1604,267)  (1753,292)  (1753,317)  (1753,342)  (1728,342)  (1703,342)  (1628,342)  (1677,192)  (1702,192)  (1727,192)  (1754,219)  (1754,244)  (1602,242)  (1602,217)  (1602,192)  (1627,191)  (1652,191)  (1777,193)  (1678,366)  (1653,366)  (1778,269)  (1778,294)  (1778,319)  (1778,344)  (1753,367)  (1728,367)  (1703,367)  (1628,367)  (1597,167)  (1677,167)  (1702,167)  (1727,167)  (1779,218)  (1779,243)  (1577,241)  (1577,216)  (1622,166)  (1647,166)  (1780,369)  (1755,392)  (1730,392)  (1705,392)  (1643,392)  (1672,142)  (1697,142)  (1722,142)  (1804,254)  (1631,417)  (1684,117)
Komi  (1824,117)  (1799,141)  (1799,116)  (1848,142)  (1824,92)  (1849,92)  (1849,117)  (1797,91)  (1823,166)  (1798,166)  (1774,141)  (1774,116)  (1873,142)  (1868,167)  (1822,67)  (1874,76)  (1874,101)  (1772,91)  (1772,66)  (1797,66)  (1832,191)  (1899,69)  (1899,94)  (1747,108)  (1747,83)  (1747,58)  (1722,82)
Polar Siberia  (2115,15)  (2090,20)  (2140,0)  (2140,25)  (2065,19)  (2165,0)  (2040,25)  (2040,0)  (2190,0)  (2015,37)  (2015,12)  (2215,0)  (2236,25)  (1990,53)  (1990,28)  (1990,3)  (2240,0)  (1965,59)  (1965,34)  (1965,9)  (2265,0)  (1940,52)  (1940,27)  (1940,2)  (2290,0)  (1915,38)  (1915,13)  (2315,0)  (2330,25)  (1890,38)  (1890,13)  (2340,0)  (2355,25)  (1865,39)  (1865,14)  (2365,0)  (1840,29)  (1840,4)  (2390,0)  (1815,27)  (1815,2)  (2415,0)  (1790,28)  (1790,3)  (2440,0)  (1765,23)  (2465,0)  (1740,9)  (2490,0)  (2513,25)  (1715,1)  (2515,0)  (2538,25)  (2540,0)  (2565,0)  (2590,0)  (2615,0)  (2640,0)  (2665,0)  (2690,0)  (2715,0)  (2740,0)  (2765,0)
Archangel  (1536,123)  (1511,147)  (1511,122)  (1560,148)  (1536,98)  (1561,98)  (1561,123)  (1509,97)  (1535,172)  (1510,172)  (1486,147)  (1486,122)  (1485,173)  (1534,73)  (1559,73)  (1584,73)  (1586,98)  (1586,123)  (1484,97)  (1484,72)  (1509,72)  (1609,50)  (1461,148)  (1461,123)  (1483,198)  (1460,173)  (1534,48)  (1559,48)  (1584,48)  (1611,75)  (1611,100)  (1459,98)  (1459,73)  (1501,47)  (1458,200)  (1609,25)  (1634,25)  (1634,50)  (1436,134)  (1574,23)  (1636,75)  (1636,100)  (1422,109)  (1659,16)  (1659,41)  (1661,66)  (1661,91)  (1684,19)  (1686,44)  (1686,69)
Krasnoyarsk  (2159,195)  (2134,219)  (2134,194)  (2183,220)  (2159,170)  (2184,170)  (2184,195)  (2132,169)  (2158,244)  (2133,244)  (2109,219)  (2109,194)  (2189,245)  (2108,245)  (2157,145)  (2182,145)  (2207,145)  (2209,170)  (2107,169)  (2107,144)  (2132,144)  (2164,269)  (2139,269)  (2084,220)  (2084,195)  (2114,270)  (2089,270)  (2157,120)  (2182,120)  (2207,120)  (2092,119)  (2117,119)  (2180,294)  (2155,294)  (2130,295)  (2105,295)  (2080,295)  (2142,95)  (2167,95)  (2192,95)  (2217,95)  (2091,94)  (2116,94)  (2055,306)  (2161,319)  (2136,320)  (2111,320)  (2086,320)  (2141,70)  (2166,70)  (2191,70)  (2216,70)  (2106,69)  (2161,344)  (2136,345)  (2111,345)  (2086,345)  (2190,45)  (2132,370)  (2107,370)  (2115,395)  (2090,395)
Tomsk  (2002,397)  (1977,421)  (1977,396)  (2026,422)  (2002,372)  (2027,372)  (2027,397)  (1975,371)  (1974,446)  (1952,421)  (1952,396)  (2051,422)  (2012,347)  (2037,347)  (2052,374)  (1927,412)  (1927,387)  (1902,405)
Anglo-Egyptian Sudan  (1355,1139)  (1330,1163)  (1330,1138)  (1379,1164)  (1355,1114)  (1380,1114)  (1380,1139)  (1328,1113)  (1305,1149)  (1303,1124)  (1303,1099)  (1278,1097)
Cyrenaica  (1221,875)  (1196,899)  (1196,874)  (1245,900)  (1221,850)  (1246,850)  (1246,875)  (1194,849)  (1171,901)  (1171,876)  (1270,900)  (1189,824)
Sahara  (1260,1001)  (1235,1025)  (1235,1000)  (1284,1026)  (1260,976)  (1285,976)  (1285,1001)  (1233,975)  (1259,1050)  (1234,1050)  (1210,1025)  (1210,1000)  (1309,1026)  (1309,1051)  (1284,1051)  (1209,1051)  (1258,951)  (1310,968)  (1310,993)  (1208,975)  (1208,950)  (1233,950)  (1246,1075)  (1185,1026)  (1185,1001)  (1334,1018)  (1334,1043)  (1183,976)  (1183,951)  (1160,1033)  (1160,1008)  (1158,983)  (1158,958)  (1158,933)  (1135,1019)  (1133,994)  (1133,969)  (1133,944)  (1108,1012)  (1108,987)  (1108,962)  (1108,937)  (1083,1012)  (1083,987)  (1083,962)  (1083,937)  (1075,912)  (1058,1012)  (1058,987)  (1058,962)  (1058,937)  (1050,912)  (1033,1007)  (1033,982)  (1033,957)  (1025,932)  (1025,907)  (1008,998)  (1008,973)  (1000,948)  (1000,923)  (997,898)  (983,996)  (975,971)  (975,946)  (972,921)  (972,896)  (950,992)  (950,967)  (947,942)  (947,917)  (947,892)  (925,980)  (922,955)  (922,930)  (922,905)  (900,880)  (897,973)  (897,948)  (897,923)  (875,898)  (872,966)  (872,941)  (862,873)  (850,916)  (847,958)  (837,891)  (837,866)  (825,933)  (812,908)  (812,883)  (812,858)  (800,942)  (787,917)  (787,892)  (787,867)  (762,929)  (762,904)  (762,879)  (762,854)  (737,924)  (737,899)  (737,874)  (737,849)  (712,939)  (712,914)  (712,889)
Amur  (2383,378)  (2358,402)  (2358,377)  (2383,353)  (2408,353)  (2408,378)  (2345,427)  (2333,402)  (2333,377)  (2433,339)  (2433,364)  (2433,389)  (2353,452)  (2458,336)  (2458,361)
Khabarovsk  (2503,277)  (2478,301)  (2478,276)  (2527,302)  (2503,252)  (2528,252)  (2528,277)  (2476,251)  (2502,326)  (2453,310)  (2453,285)  (2528,327)  (2501,227)  (2526,227)  (2551,227)  (2553,252)  (2553,277)  (2451,260)  (2576,211)  (2428,310)  (2428,285)  (2529,352)  (2512,202)  (2537,202)  (2578,236)  (2578,261)  (2554,363)  (2582,368)  (2562,186)  (2529,377)  (2504,385)  (2557,388)  (2585,393)  (2479,393)  (2532,402)  (2507,410)  (2560,413)  (2482,418)  (2535,427)  (2572,438)  (2547,452)  (2548,477)  (2535,502)  (2510,513)
Irkutsk  (2208,428)  (2183,452)  (2183,427)  (2232,453)  (2208,403)  (2233,413)  (2181,402)  (2158,448)  (2257,438)  (2257,463)  (2232,478)  (2206,378)  (2258,413)  (2156,423)  (2167,377)  (2282,438)  (2282,463)  (2193,353)  (2283,412)  (2131,427)  (2307,437)
Manchuria  (2442,512)  (2417,536)  (2417,511)  (2464,537)  (2442,487)  (2467,487)  (2415,486)  (2439,561)  (2414,561)  (2392,536)  (2476,562)  (2440,462)  (2465,462)  (2490,462)  (2492,487)  (2390,480)  (2415,461)  (2389,564)  (2386,455)  (2451,586)  (2426,586)  (2440,437)  (2411,436)  (2364,563)  (2471,611)  (2339,574)  (2483,636)  (2494,661)
Chukotka  (2876,73)  (2851,97)  (2851,72)  (2900,98)  (2876,48)  (2901,48)  (2901,73)  (2849,47)  (2826,89)  (2925,98)  (2925,123)  (2874,23)  (2926,40)  (2926,65)  (2824,64)  (2824,39)  (2849,22)  (2942,7)  (2950,90)  (2950,115)  (2950,140)  (2951,32)  (2951,57)  (2799,86)  (2799,61)  (2799,36)  (2975,82)  (2975,140)  (2976,13)  (2976,38)  (2774,83)  (2774,58)  (2774,33)  (3000,63)  (3000,88)  (3001,21)  (2749,80)  (2749,55)  (2749,30)  (3025,46)  (2724,50)  (3045,71)  (3070,74)  (3074,99)  (3099,80)
Yakutia  (2342,196)  (2317,220)  (2317,195)  (2366,221)  (2342,171)  (2367,171)  (2367,196)  (2315,170)  (2341,245)  (2316,245)  (2292,220)  (2292,195)  (2391,221)  (2391,246)  (2366,246)  (2291,246)  (2340,146)  (2365,146)  (2390,146)  (2392,171)  (2392,196)  (2290,170)  (2290,145)  (2315,145)  (2415,123)  (2341,270)  (2316,270)  (2267,221)  (2267,196)  (2416,221)  (2379,271)  (2291,271)  (2266,271)  (2266,246)  (2340,121)  (2365,121)  (2390,121)  (2417,148)  (2417,173)  (2265,171)  (2265,146)  (2265,121)  (2290,120)  (2315,120)  (2415,98)  (2440,98)  (2440,123)  (2354,295)  (2329,295)  (2242,221)  (2242,196)  (2441,198)  (2382,296)  (2304,296)  (2279,296)  (2254,296)  (2241,271)  (2241,246)  (2253,96)  (2340,96)  (2365,96)  (2390,96)  (2442,148)  (2442,173)  (2240,171)  (2240,146)  (2278,95)  (2303,95)  (2229,308)  (2415,73)  (2440,73)  (2465,73)  (2465,98)  (2465,123)  (2357,320)  (2332,320)  (2466,198)  (2307,321)  (2282,321)  (2257,321)  (2216,283)  (2328,71)  (2353,71)  (2378,71)  (2467,148)  (2467,173)  (2255,70)  (2280,70)  (2232,333)  (2405,48)  (2430,48)  (2455,48)  (2480,48)  (2490,73)  (2490,98)  (2490,123)  (2298,346)  (2273,346)  (2492,148)  (2248,358)  (2515,52)  (2515,77)  (2515,102)  (2517,127)  (2517,152)  (2251,383)  (2540,52)  (2540,77)  (2540,102)  (2542,127)  (2565,50)  (2565,75)  (2565,100)  (2567,125)  (2590,45)  (2590,70)  (2590,95)  (2592,120)  (2615,43)  (2615,68)  (2615,93)  (2617,118)  (2640,46)  (2640,71)  (2642,96)  (2665,46)  (2665,71)  (2667,96)  (2690,63)
Kamchatka  (2878,193)  (2853,216)  (2853,170)  (2878,168)  (2903,168)  (2903,193)  (2838,145)  (2863,143)  (2928,174)  (2815,269)  (2815,294)  (2790,295)  (2806,320)  (2781,320)  (2790,345)  (2778,370)
Magadan  (2719,174)  (2694,198)  (2694,173)  (2743,199)  (2719,149)  (2744,149)  (2744,174)  (2692,148)  (2718,223)  (2693,223)  (2669,198)  (2669,173)  (2743,224)  (2668,224)  (2717,124)  (2742,124)  (2767,124)  (2769,149)  (2769,174)  (2667,148)  (2792,112)  (2644,199)  (2644,174)  (2643,240)  (2794,137)  (2794,162)  (2642,149)  (2619,189)  (2617,164)
East Poland  (1328,401)  (1303,425)  (1303,400)  (1352,426)  (1328,376)  (1301,375)  (1306,450)  (1326,351)
Algeria  (931,810)  (906,834)  (906,809)  (955,835)  (931,785)  (956,785)  (956,810)  (904,784)  (881,845)  (881,820)  (980,835)  (980,860)  (981,767)  (981,792)  (879,795)
Ukraine  (1379,494)  (1354,518)  (1354,493)  (1403,519)  (1379,469)  (1404,469)  (1404,494)  (1329,491)  (1429,472)  (1454,471)
Tunisia  (1018,796)
Baltic States  (1309,312)  (1284,329)  (1284,304)  (1309,287)  (1334,287)  (1334,312)  (1306,262)
East Prussia  (1252,365)
Morocco  (801,804)  (776,820)  (825,829)  (826,796)
Finland  (1309,167)  (1284,191)  (1284,166)  (1309,142)  (1283,141)  (1308,117)  (1302,92)  (1290,67)  (1291,42)
African Free French  (1147,1189)  (1122,1213)  (1122,1188)  (1171,1214)  (1147,1164)  (1172,1164)  (1172,1189)  (1120,1163)  (1146,1238)  (1121,1238)  (1097,1213)  (1097,1188)  (1196,1214)  (1196,1239)  (1171,1239)  (1096,1239)  (1145,1139)  (1170,1139)  (1195,1139)  (1197,1164)  (1197,1189)  (1116,1138)  (1220,1116)  (1146,1263)  (1121,1263)  (1072,1214)  (1072,1189)  (1221,1222)  (1189,1264)  (1096,1264)  (1071,1259)  (1141,1114)  (1166,1114)  (1191,1114)  (1222,1141)  (1245,1114)  (1164,1288)  (1139,1288)  (1047,1232)  (1047,1203)  (1114,1289)  (1089,1289)  (1128,1089)  (1153,1089)  (1178,1089)  (1247,1139)  (1182,1313)  (1157,1313)  (1128,1064)
Karelia  (1392,221)  (1367,245)  (1367,220)  (1416,246)  (1392,196)  (1417,208)  (1365,195)  (1391,270)  (1441,239)  (1390,171)  (1359,170)  (1384,146)  (1347,145)  (1372,121)  (1343,120)  (1346,95)  (1386,50)  (1361,40)  (1335,37)
Tripolitania  (1073,863)  (1048,880)  (1048,855)  (1073,838)  (1098,842)  (1098,867)  (1041,830)  (1118,892)  (1123,846)
Norway  (1126,142)  (1101,166)  (1139,117)  (1164,101)  (1095,191)  (1280,8)
Sweden  (1214,108)  (1189,132)  (1210,83)  (1235,83)  (1183,157)  (1247,58)  (1158,174)  (1183,182)  (1158,199)  (1133,212)  (1158,234)  (1154,259)
Belgian Congo  (1255,1269)  (1230,1293)  (1230,1268)  (1277,1294)  (1259,1244)  (1284,1240)  (1252,1318)  (1227,1318)  (1259,1219)  (1284,1215)  (1272,1343)  (1247,1343)  (1244,1194)  (1269,1190)  (1255,1368)
Eastern Ukraine  (1484,427)  (1459,440)  (1459,415)  (1508,452)  (1484,402)  (1509,402)  (1509,427)  (1434,441)  (1434,416)  (1534,396)  (1534,421)  (1534,446)  (1409,433)
Belorussia  (1419,347)  (1394,371)  (1394,346)  (1443,372)  (1419,322)  (1444,322)  (1444,347)  (1442,297)
Mauritania  (730,992)  (754,1017)  (729,1017)  (730,967)  (755,967)  (755,992)
French Sudan-Guinea  (821,1026)  (796,1050)  (796,1025)  (821,1001)  (846,1001)  (846,1026)  (794,1000)  (789,1075)  (771,1050)  (871,998)  (784,975)  (896,1004)  (921,1015)
Portuguese Guinea  (730,1070)
Liberia  (777,1103)
Albania  (1191,666)
Greece  (1213,711)
Angola  (1136,1418)  (1111,1442)  (1111,1417)  (1160,1443)  (1136,1393)  (1161,1393)  (1161,1418)  (1110,1392)  (1185,1443)  (1185,1468)  (1135,1368)  (1160,1368)  (1185,1368)  (1186,1393)  (1186,1418)  (1109,1367)  (1103,1342)
Crete  (1277,788)
Nigeria  (1042,1094)  (1017,1118)  (1017,1093)  (1066,1119)  (1042,1069)  (1067,1069)  (1067,1094)  (1015,1068)  (1041,1143)  (1016,1143)  (992,1118)  (1068,1144)  (991,1144)  (1092,1053)  (1092,1078)  (1092,1103)
Niger  (988,1031)
Czechoslovakia  (1182,477)  (1157,468)  (1207,481)  (1132,468)
Dahomey-Upper Volta  (939,1072)  (914,1065)  (963,1097)  (938,1097)  (964,1072)  (889,1065)  (952,1122)
Hungary  (1182,534)  (1207,523)
Gold Coast  (888,1112)  (899,1137)
East Yugoslavia  (1192,593)
Cote D'Ivorie  (826,1100)  (841,1125)  (823,1075)
Bulgaria  (1273,636)  (1248,634)
Romania  (1282,564)  (1257,588)  (1257,563)  (1298,589)  (1282,539)  (1307,539)  (1307,564)  (1255,538)  (1232,586)  (1230,561)
West Poland  (1243,433)  (1218,409)  (1267,458)  (1242,458)  (1243,408)
Malta  (1095,803)
Nambia  (1170,1542)  (1145,1566)  (1145,1541)  (1194,1567)  (1170,1517)  (1195,1517)  (1195,1542)  (1143,1516)  (1118,1512)
Union of South Africa  (1270,1608)  (1245,1632)  (1245,1607)  (1292,1633)  (1270,1583)  (1295,1583)  (1295,1608)  (1243,1582)  (1267,1657)  (1242,1657)  (1220,1632)  (1220,1607)  (1268,1558)  (1293,1558)  (1234,1557)  (1217,1660)  (1195,1635)  (1195,1610)  (1259,1533)  (1284,1533)  (1192,1673)  (1170,1640)  (1170,1615)  (1239,1508)  (1264,1508)  (1289,1508)  (1314,1491)
Bechuanaland Protectorate  (1257,1456)  (1232,1465)  (1232,1440)  (1257,1431)
Mozambique  (1374,1468)  (1349,1493)  (1399,1444)  (1341,1518)  (1379,1419)  (1404,1419)  (1345,1543)
Southern Rhodesia  (1317,1407)  (1292,1391)  (1342,1405)
Denmark  (1075,276)
West Germany  (1064,442)  (1039,466)  (1039,441)  (1088,467)  (1064,417)  (1089,417)  (1089,442)  (1037,416)  (1063,491)  (1014,482)  (1062,392)  (1012,406)  (1037,391)  (1011,381)  (1062,367)  (1036,366)  (1061,342)
Madagascar  (1515,1608)  (1490,1632)  (1490,1607)  (1523,1633)  (1515,1583)  (1540,1583)  (1488,1582)  (1498,1657)  (1473,1657)  (1513,1558)  (1538,1558)  (1563,1549)  (1564,1524)
Borneo  (2416,1232)  (2391,1254)  (2391,1229)  (2425,1257)  (2416,1207)  (2441,1207)
East Indies  (2283,1355)  (2273,1330)
Sardinia  (1011,698)
New Guinea  (2872,1289)  (2847,1313)  (2847,1288)  (2895,1314)  (2897,1277)  (2845,1263)  (2920,1306)  (2820,1275)
Sicily  (1092,767)
Switzerland  (1008,516)
Italy  (1073,643)  (1091,668)  (1054,618)  (1116,687)  (1046,593)  (997,568)  (1026,568)  (1051,568)
Austria  (1114,514)  (1139,503)
East Germany  (1141,382)  (1116,402)  (1116,377)  (1165,407)  (1141,357)  (1166,359)  (1110,352)  (1190,431)
West Yugoslavia  (1137,591) (1146,617)  (1162,617)  (1168,638)
Western Australia  (2702,1599)  (2677,1623)  (2677,1598)  (2726,1624)  (2702,1574)  (2727,1574)  (2727,1599)  (2675,1573)  (2701,1648)  (2676,1648)  (2652,1623)  (2652,1598)  (2751,1624)  (2747,1649)  (2651,1649)  (2700,1549)  (2725,1549)  (2750,1549)  (2752,1574)  (2752,1599)  (2650,1573)  (2650,1548)  (2675,1548)  (2775,1526)  (2702,1673)  (2677,1673)  (2627,1624)  (2627,1599)  (2652,1674)  (2627,1674)  (2626,1649)  (2700,1524)  (2725,1524)  (2750,1524)  (2777,1551)  (2777,1576)  (2625,1574)  (2625,1549)  (2625,1524)  (2650,1523)  (2675,1523)  (2775,1501)  (2800,1501)  (2800,1526)  (2602,1698)  (2602,1624)  (2602,1599)  (2630,1699)  (2601,1673)  (2700,1499)  (2725,1499)  (2750,1499)  (2600,1574)  (2600,1549)  (2629,1498)  (2654,1498)  (2577,1720)  (2577,1648)  (2577,1623)  (2576,1695)  (2679,1474)  (2704,1474)  (2729,1474)  (2754,1474)  (2575,1598)  (2575,1573)  (2575,1548)  (2648,1473)  (2552,1670)  (2552,1645)  (2713,1449)  (2738,1449)  (2550,1620)  (2550,1595)  (2550,1570)  (2763,1440)  (2525,1635)  (2525,1610)  (2525,1585)
Eastern Australia  (2874,1635)  (2849,1659)  (2849,1634)  (2898,1660)  (2874,1610)  (2899,1610)  (2899,1635)  (2847,1609)  (2873,1684)  (2848,1684)  (2824,1659)  (2824,1634)  (2923,1660)  (2923,1685)  (2898,1685)  (2823,1685)  (2872,1585)  (2897,1585)  (2922,1585)  (2924,1610)  (2924,1635)  (2822,1609)  (2822,1584)  (2847,1584)  (2947,1579)  (2873,1709)  (2848,1709)  (2799,1660)  (2799,1635)  (2948,1660)  (2948,1685)  (2948,1710)  (2923,1710)  (2898,1710)  (2823,1710)  (2798,1686)  (2872,1560)  (2897,1560)  (2922,1560)  (2949,1604)  (2949,1629)  (2826,1559)  (2873,1734)  (2848,1734)  (2973,1654)  (2924,1735)  (2899,1735)  (2773,1695)  (2851,1535)  (2876,1535)  (2901,1535)  (2874,1759)  (2849,1759)  (2915,1760)  (2849,1510)  (2874,1510)  (2860,1485)  (2885,1485)  (2865,1460)
New Zealand  (3279,1718)  (3277,1743)
Solomon Islands  (3207,1322)
Caroline Islands  (2846,1056)
Philippine  (2626,1158)
Japan  (2685,659)  (2660,683)  (2684,634)  (2681,518)
Iwo Jima  (2928,675)
Formosa  (2411,917)
Okinawa  (2615,927)
Peru  (333,1196)  (308,1220)  (308,1195)  (357,1221)  (333,1171)  (358,1173)  (306,1170)  (332,1245)  (283,1212)  (382,1198)  (382,1223)  (357,1246)  (281,1187)  (281,1162)  (326,1145)  (384,1248)  (359,1271)  (334,1271)  (256,1195)  (256,1170)  (256,1145)  (240,1120)  (231,1147)  (231,1095)  (206,1094)
Argentina  (365,1415)  (340,1439)  (340,1414)  (389,1440)  (365,1390)  (390,1390)  (390,1415)  (338,1389)  (364,1464)  (339,1464)  (315,1439)  (315,1414)  (414,1440)  (414,1465)  (389,1465)  (314,1465)  (363,1365)  (388,1365)  (413,1365)  (415,1390)  (415,1415)  (313,1389)  (313,1364)  (338,1364)  (438,1342)  (364,1489)  (339,1489)  (314,1490)  (363,1340)  (388,1340)  (413,1340)  (440,1414)  (306,1339)  (331,1339)  (438,1317)  (359,1514)  (334,1515)  (395,1315)  (307,1314)  (352,1314)  (356,1540)  (331,1540)  (350,1565)  (360,1590)
Iceland  (711,29)
Eire  (733,216)  (708,235)
Great Britain  (855,266)  (830,290)  (830,265)  (879,291)  (855,241)  (880,266)  (805,277)  (845,216)  (858,191)  (841,161)  (846,130)  (871,116)
Netherlands-Belgium  (989,354)
Northern France  (933,466)  (908,490)  (908,465)  (957,491)  (933,441)  (958,441)  (958,466)  (906,440)  (926,515)  (901,515)  (883,490)  (883,465)  (931,416)  (956,416)  (983,429)  (983,454)  (881,440)  (948,391)  (856,432)
Spain  (805,645)  (780,669)  (780,644)  (829,670)  (805,620)  (830,620)  (830,645)  (778,619)  (804,694)  (755,688)  (755,663)  (831,695)  (803,595)  (828,595)  (853,595)  (855,620)  (753,638)  (753,613)  (778,594)  (747,588)  (730,680)  (880,603)  (728,655)  (772,569)
Gibraltar  (766,719)
Vichy France  (939,561)  (914,576)  (960,536)  (889,575)
Midway  (3173,749)
Hawaiian Islands  (3292,932)
Wake Island  (3083,921)
Alaska  (3365,74)  (3340,96)  (3340,71)  (3389,99)  (3365,49)  (3390,49)  (3390,74)  (3336,46)  (3315,96)  (3315,71)  (3361,24)  (3386,24)  (3411,24)  (3415,49)  (3415,74)  (3334,21)  (3436,17)  (3290,101)  (3290,76)  (3440,42)  (3265,117)  (3465,25)  (3240,126)  (3240,101)  (3215,126)
95 Sea Zone  (3680,1704)  (3655,1728)  (3655,1703)  (3704,1729)  (3680,1679)  (3705,1679)  (3705,1704)  (3653,1678)  (3679,1753)  (3654,1753)  (3630,1728)  (3630,1703)  (3729,1729)  (3729,1754)  (3704,1754)  (3629,1754)  (3678,1654)  (3703,1654)  (3728,1654)  (3730,1679)  (3730,1704)  (3628,1678)  (3628,1653)  (3653,1653)  (3679,1778)  (3654,1778)  (3747,1779)  (3722,1779)  (3629,1779)  (3697,1803)  (3672,1803)  (3746,1804)  (3647,1804)  (3622,1804)
94 Sea Zone  (3455,1726)  (3430,1750)  (3430,1725)  (3479,1751)  (3455,1701)  (3480,1701)  (3480,1726)  (3428,1700)  (3454,1775)  (3429,1775)  (3405,1750)  (3405,1725)  (3504,1751)  (3504,1776)  (3479,1776)  (3404,1776)  (3453,1676)  (3478,1676)  (3503,1676)  (3505,1701)  (3505,1726)  (3403,1700)  (3403,1675)  (3428,1675)  (3528,1653)  (3454,1800)  (3429,1800)  (3380,1751)  (3380,1726)  (3529,1751)  (3529,1776)  (3529,1801)  (3504,1801)  (3479,1801)  (3404,1801)  (3379,1801)  (3379,1776)  (3453,1651)  (3478,1651)  (3503,1651)  (3530,1678)  (3530,1703)  (3378,1701)  (3378,1676)  (3378,1651)  (3403,1650)  (3428,1650)  (3553,1650)  (3554,1728)  (3554,1753)  (3554,1778)  (3554,1803)  (3555,1675)  (3555,1700)  (3578,1650)  (3579,1725)  (3579,1750)  (3579,1775)  (3579,1800)  (3580,1675)  (3580,1700)
93 Sea Zone  (3283,1619)  (3258,1643)  (3258,1618)  (3307,1644)  (3283,1594)  (3308,1594)  (3308,1619)  (3256,1593)  (3282,1668)  (3257,1668)  (3233,1643)  (3233,1618)  (3332,1644)  (3332,1669)  (3307,1669)  (3232,1669)  (3281,1569)  (3306,1569)  (3331,1569)  (3333,1594)  (3333,1619)  (3231,1593)  (3231,1568)  (3256,1568)  (3282,1693)  (3257,1693)  (3208,1644)  (3208,1619)  (3334,1694)  (3309,1694)  (3232,1694)  (3207,1694)  (3207,1669)  (3281,1544)  (3306,1544)  (3331,1544)  (3206,1594)  (3206,1569)  (3206,1544)  (3231,1543)  (3256,1543)  (3284,1718)  (3259,1718)  (3183,1644)  (3183,1619)  (3334,1719)  (3309,1719)  (3234,1719)  (3209,1719)  (3184,1719)  (3182,1694)  (3182,1669)  (3182,1519)  (3281,1519)  (3306,1519)  (3331,1519)  (3181,1594)  (3181,1569)  (3181,1544)  (3207,1518)  (3232,1518)  (3159,1742)  (3284,1743)  (3259,1743)  (3158,1644)  (3158,1619)  (3334,1744)  (3309,1744)  (3234,1744)  (3209,1744)  (3184,1744)  (3157,1717)  (3157,1692)  (3157,1519)  (3156,1594)  (3156,1569)  (3156,1544)  (3159,1767)  (3134,1767)  (3134,1742)  (3284,1768)  (3259,1768)  (3133,1667)  (3133,1642)  (3334,1769)  (3309,1769)  (3203,1769)  (3132,1717)  (3132,1692)  (3132,1519)  (3178,1792)  (3153,1792)  (3284,1793)  (3334,1794)  (3309,1794)
Brazil  (490,1152)  (465,1176)  (465,1151)  (514,1177)  (490,1127)  (515,1127)  (515,1152)  (463,1126)  (489,1201)  (464,1201)  (440,1176)  (440,1151)  (539,1177)  (539,1202)  (514,1202)  (439,1202)  (488,1102)  (513,1102)  (538,1102)  (540,1127)  (540,1152)  (438,1126)  (438,1101)  (463,1101)  (563,1092)  (489,1226)  (464,1226)  (415,1177)  (415,1152)  (564,1177)  (564,1202)  (564,1227)  (539,1227)  (514,1227)  (439,1227)  (526,1077)  (565,1117)  (565,1142)  (413,1127)  (413,1102)  (413,1077)  (438,1076)  (463,1076)  (489,1251)  (464,1251)  (589,1167)  (589,1192)  (589,1217)  (585,1252)  (560,1252)  (535,1252)  (439,1252)  (389,1052)  (590,1096)  (590,1121)  (388,1148)  (388,1123)  (388,1098)  (414,1051)  (439,1051)  (464,1051)  (510,1276)  (485,1276)  (614,1146)  (572,1277)  (547,1277)  (460,1277)  (435,1277)  (364,1073)  (364,1048)  (389,1027)  (615,1119)  (363,1137)  (363,1112)  (414,1026)  (439,1026)  (464,1026)  (522,1301)  (497,1301)  (339,1087)  (339,1062)  (339,1037)  (406,1001)  (431,1001)  (456,1001)  (498,1326)  (314,1112)  (314,1087)  (314,1021)  (497,1351)  (289,1122)  (289,1097)  (472,1361)  (479,1386)
92 Sea Zone  (3245,1429)  (3220,1453)  (3220,1428)  (3269,1454)  (3245,1404)  (3270,1404)  (3270,1429)  (3218,1403)  (3195,1475)  (3195,1450)  (3294,1454)  (3295,1400)  (3295,1425)  (3193,1425)  (3193,1400)  (3170,1475)  (3170,1450)  (3319,1450)  (3319,1475)  (3320,1400)  (3320,1425)  (3168,1425)  (3168,1400)  (3145,1475)  (3145,1450)  (3143,1425)  (3143,1400)
Colombia  (259,1002)  (234,1026)  (280,1027)  (247,977)  (272,977)  (297,964)  (297,989)  (209,1039)  (258,952)  (266,927)
99 Sea Zone  (3670,1432)  (3645,1456)  (3645,1431)  (3694,1457)  (3670,1407)  (3695,1407)  (3695,1432)  (3643,1406)  (3620,1475)  (3620,1450)  (3719,1457)  (3668,1382)  (3693,1382)  (3718,1382)  (3720,1407)  (3720,1432)  (3618,1425)  (3618,1400)  (3643,1381)  (3612,1375)  (3743,1359)  (3744,1457)  (3668,1357)  (3693,1357)  (3718,1357)  (3745,1384)  (3745,1409)  (3637,1356)
Cuba  (347,752)
98 Sea Zone  (3473,1411)  (3448,1435)  (3448,1410)  (3497,1436)  (3473,1386)  (3498,1386)  (3498,1411)  (3446,1385)  (3472,1460)  (3447,1460)  (3423,1435)  (3423,1410)  (3522,1436)  (3522,1461)  (3497,1461)  (3422,1461)  (3471,1361)  (3496,1361)  (3521,1361)  (3523,1386)  (3523,1411)  (3421,1385)  (3421,1360)  (3446,1360)  (3546,1350)  (3398,1436)  (3398,1411)  (3547,1436)  (3547,1461)  (3397,1475)  (3548,1375)  (3548,1400)  (3396,1386)  (3396,1361)  (3571,1350)  (3373,1450)  (3373,1425)  (3572,1425)  (3572,1450)  (3572,1475)  (3372,1475)  (3573,1375)  (3573,1400)  (3371,1400)  (3371,1375)  (3371,1350)
Venezuela  (351,967)  (352,992)  (330,942)  (355,942)  (376,967)  (380,941)
97 Sea Zone  (3672,1555)  (3647,1579)  (3647,1554)  (3696,1580)  (3672,1530)  (3697,1530)  (3697,1555)  (3645,1529)  (3671,1604)  (3646,1604)  (3622,1579)  (3622,1554)  (3721,1580)  (3721,1605)  (3696,1605)  (3621,1605)  (3670,1505)  (3695,1505)  (3720,1505)  (3722,1530)  (3722,1555)  (3620,1529)  (3620,1504)  (3645,1504)  (3745,1500)  (3746,1580)  (3746,1605)  (3747,1525)  (3747,1550)
96 Sea Zone  (3471,1552)  (3446,1576)  (3446,1551)  (3495,1577)  (3471,1527)  (3496,1527)  (3496,1552)  (3444,1526)  (3470,1601)  (3445,1601)  (3421,1576)  (3421,1551)  (3520,1577)  (3520,1602)  (3495,1602)  (3420,1602)  (3469,1502)  (3494,1502)  (3519,1502)  (3521,1527)  (3521,1552)  (3419,1526)  (3419,1501)  (3444,1501)  (3544,1500)  (3396,1577)  (3396,1552)  (3545,1577)  (3545,1602)  (3395,1625)  (3546,1525)  (3546,1550)  (3394,1527)  (3394,1502)  (3569,1500)  (3371,1600)  (3371,1575)  (3570,1575)  (3570,1600)  (3570,1625)  (3370,1625)  (3571,1525)  (3571,1550)  (3369,1550)  (3369,1525)  (3369,1500)
Eastern United States  (216,447)  (191,471)  (191,446)  (240,472)  (216,422)  (241,422)  (241,447)  (189,421)  (215,496)  (190,496)  (166,471)  (166,446)  (241,497)  (165,497)  (214,397)  (239,397)  (264,397)  (164,421)  (164,396)  (189,396)  (289,374)  (207,521)  (182,522)  (157,522)  (252,372)  (154,371)  (314,357)  (198,547)  (173,547)  (339,337)
Central United States  (35,464)  (10,488)  (10,463)  (59,489)  (35,439)  (60,439)  (60,464)  (8,438)  (34,513)  (9,513)  (84,489)  (84,514)  (59,514)  (33,414)  (58,414)  (83,414)  (85,439)  (85,464)  (0,413)  (108,391)  (34,538)  (9,538)  (109,489)  (109,514)  (109,539)  (84,539)  (59,539)  (25,389)  (50,389)  (75,389)  (110,416)  (110,441)  (0,388)  (100,366)  (34,563)  (9,563)  (65,564)  (25,364)  (50,364)  (75,364)  (0,363)  (100,341)  (4,588)  (25,339)  (50,339)  (75,339)  (0,338)  (25,314)  (50,314)
Greenland  (467,40)  (442,59)  (442,34)  (491,65)  (467,15)  (492,15)  (492,40)  (435,9)  (466,84)  (417,48)  (498,90)  (517,0)  (517,25)  (410,14)
Eastern Canada  (147,228)  (122,252)  (122,227)  (171,253)  (172,224)  (120,202)  (146,277)  (121,277)  (97,252)  (97,227)  (196,263)  (171,278)  (96,278)  (95,202)  (206,288)  (72,253)  (72,228)  (72,177)  (181,303)  (71,288)  (70,203)  (228,263)  (231,210)  (231,288)  (231,313)  (206,313)  (54,152)  (239,136)  (242,235)  (244,161)  (47,263)  (47,238)  (47,178)  (46,288)  (45,213)  (45,127)  (253,260)  (256,186)  (256,285)  (256,310)  (256,335)  (231,338)  (29,153)  (264,129)  (267,211)  (269,154)  (22,263)  (22,238)  (22,188)  (21,288)  (20,213)  (20,128)  (20,103)  (45,102)  (278,236)  (70,94)  (281,179)  (281,261)  (281,286)  (281,311)  (4,163)  (292,204)  (0,78)  (25,77)  (303,229)  (267,70)  (50,69)  (306,165)  (306,254)  (306,279)  (75,67)  (317,190)  (0,53)  (25,52)  (328,215)  (257,45)  (50,44)  (100,44)  (331,165)  (331,240)  (331,265)  (75,42)  (342,190)  (342,309)  (3,27)  (353,215)  (356,240)  (224,10)  (378,199)  (381,224)  (381,249)  (406,234)  (431,229)  (460,289)
Western Canada  (3672,161)  (3647,185)  (3647,160)  (3696,186)  (3672,136)  (3697,136)  (3697,161)  (3645,135)  (3671,210)  (3646,210)  (3622,185)  (3622,160)  (3721,186)  (3721,211)  (3696,211)  (3621,211)  (3670,111)  (3695,111)  (3720,111)  (3722,136)  (3722,161)  (3620,135)  (3620,110)  (3645,110)  (3745,88)  (3671,235)  (3646,235)  (3597,186)  (3597,161)  (3746,186)  (3746,211)  (3746,236)  (3721,236)  (3696,236)  (3621,236)  (3596,236)  (3596,211)  (3670,86)  (3695,86)  (3720,86)  (3747,113)  (3747,138)  (3595,136)  (3595,111)  (3595,86)  (3620,85)  (3645,85)  (3745,63)  (3671,260)  (3646,260)  (3572,186)  (3572,161)  (3747,261)  (3722,261)  (3697,261)  (3621,261)  (3596,261)  (3571,261)  (3571,236)  (3571,211)  (3571,61)  (3670,61)  (3695,61)  (3720,61)  (3570,136)  (3570,111)  (3570,86)  (3596,60)  (3621,60)  (3672,285)  (3547,186)  (3547,161)  (3747,286)  (3722,286)  (3697,286)  (3546,275)  (3546,250)  (3546,225)  (3546,61)  (3562,36)  (3646,36)  (3545,136)  (3545,111)  (3545,86)  (3522,200)  (3522,175)  (3521,258)  (3521,233)  (3521,61)  (3520,150)  (3520,125)  (3520,100)  (3497,208)  (3497,183)  (3496,238)  (3496,75)  (3496,50)  (3495,158)  (3495,133)  (3495,108)  (3471,83)  (3470,116)  (3445,108)
Western United States  (3580,416)  (3555,440)  (3555,415)  (3604,441)  (3580,391)  (3605,391)  (3605,416)  (3553,390)  (3579,465)  (3554,465)  (3530,440)  (3530,415)  (3629,441)  (3629,466)  (3604,466)  (3529,466)  (3578,366)  (3603,366)  (3628,366)  (3630,391)  (3630,416)  (3528,390)  (3528,365)  (3553,365)  (3653,343)  (3579,490)  (3554,490)  (3505,441)  (3505,416)  (3654,441)  (3654,466)  (3654,491)  (3629,491)  (3604,491)  (3529,491)  (3504,486)  (3578,341)  (3603,341)  (3628,341)  (3655,368)  (3655,393)  (3503,391)  (3503,366)  (3503,341)  (3528,340)  (3553,340)  (3653,318)  (3579,515)  (3554,515)  (3480,424)  (3679,431)  (3660,516)  (3635,516)  (3610,516)  (3578,316)  (3603,316)  (3628,316)  (3478,399)  (3504,315)  (3529,315)  (3624,541)
07 Sea Zone  (639,210)  (614,234)  (614,209)  (663,235)  (639,185)  (664,185)  (664,210)  (612,184)  (638,259)  (613,259)  (688,235)  (688,260)  (663,260)  (637,160)  (662,160)  (687,160)  (689,185)  (689,210)  (603,159)  (712,147)  (713,235)  (713,260)  (714,172)  (714,197)  (737,147)  (738,222)  (738,247)  (738,272)  (739,172)  (739,197)  (762,147)  (763,222)  (763,247)  (764,172)  (764,197)  (787,147)  (788,222)  (789,172)  (789,197)
08 Sea Zone  (959,211)  (934,235)  (934,210)  (983,236)  (959,186)  (984,186)  (984,211)  (932,185)  (958,260)  (933,260)  (909,235)  (909,210)  (1008,236)  (1008,261)  (983,261)  (957,161)  (982,161)  (1007,161)  (1009,186)  (1009,211)  (907,185)  (907,160)  (932,160)  (1032,147)  (1033,236)  (1033,261)  (1034,172)  (1034,197)
05 Sea Zone  (1425,16)  (1400,4)  (1450,21)  (1522,0)
06 Sea Zone  (539,223)  (514,247)  (514,222)  (563,248)  (539,198)  (564,198)  (564,223)  (512,197)  (538,272)  (513,272)  (489,247)  (489,222)  (537,173)  (562,173)  (487,197)  (487,172)  (512,172)  (537,148)  (562,148)  (462,207)  (462,182)  (462,157)  (487,147)  (512,147)  (437,197)  (437,172)  (437,147)
Mexico  (3710,670)  (3685,694)  (3685,669)  (3734,695)  (3710,645)  (3735,645)  (3735,670)  (3683,644)  (3709,719)  (3747,720)  (3708,620)  (3658,653)  (3658,628)  (3683,619)  (3642,603)  (3722,744)  (3747,745)  (3633,628)  (3667,594)  (3617,592)  (3642,578)  (3747,770)  (3606,567)
Sikang  (2158,745)  (2133,754)  (2133,729)  (2182,770)  (2158,720)  (2183,722)  (2157,779)  (2116,704)
09 Sea Zone  (1223,271)  (1198,295)  (1198,270)  (1237,296)  (1223,246)  (1248,246)  (1196,245)  (1212,320)  (1187,320)  (1173,295)  (1222,221)  (1247,221)  (1221,196)  (1216,171)  (1119,310)  (1109,258)  (1102,233)  (1232,146)  (1094,298)  (1077,246)  (1266,103)
101 Sea Zone  (3681,1272)  (3656,1296)  (3656,1271)  (3705,1297)  (3681,1247)  (3706,1247)  (3706,1272)  (3654,1246)  (3680,1321)  (3655,1321)  (3631,1296)  (3631,1271)  (3730,1297)  (3730,1322)  (3705,1322)  (3630,1322)  (3679,1222)  (3704,1222)  (3729,1222)  (3731,1247)  (3731,1272)  (3629,1246)  (3629,1221)  (3654,1221)
03 Sea Zone  (682,97)  (657,121)  (657,96)  (706,122)  (682,72)  (707,72)  (707,97)  (655,71)  (632,122)  (632,97)  (731,122)  (680,47)  (705,47)  (730,47)  (732,72)  (732,97)  (630,72)  (630,47)  (655,46)  (755,24)  (607,122)  (607,97)  (756,122)  (606,22)  (680,22)  (705,22)  (730,22)  (757,49)  (757,74)  (605,72)  (605,47)  (631,21)  (780,0)  (781,99)  (782,25)  (782,50)  (805,0)  (806,75)  (806,100)  (807,25)  (807,50)  (830,0)  (832,25)  (832,50)
102 Sea Zone  (3491,1138)  (3466,1162)  (3466,1137)  (3515,1163)  (3491,1113)  (3516,1113)  (3516,1138)  (3464,1112)  (3441,1175)  (3441,1150)  (3540,1163)  (3489,1088)  (3514,1088)  (3539,1088)  (3541,1113)  (3541,1138)  (3439,1125)  (3439,1100)  (3464,1087)  (3427,1075)  (3564,1065)  (3565,1163)  (3489,1063)  (3514,1063)  (3539,1063)  (3566,1090)  (3566,1115)  (3452,1062)
04 Sea Zone  (1017,97)  (992,121)  (992,96)  (1041,122)  (1017,72)  (1042,72)  (1042,97)  (990,71)  (967,122)  (967,97)  (1015,47)  (1040,47)  (1065,47)  (1067,72)  (1067,97)  (965,72)  (965,47)  (990,46)  (1090,24)  (942,122)  (942,97)  (941,22)  (1015,22)  (1040,22)  (1065,22)  (1092,49)  (1092,74)  (940,72)  (940,47)  (966,21)  (1115,0)  (917,122)  (917,97)  (916,22)  (1117,25)  (1117,50)  (1117,75)  (915,72)  (915,47)  (1140,0)  (891,22)  (1142,25)  (1142,50)  (890,59)  (1165,0)  (1167,25)  (1190,0)  (1192,25)
01 Sea Zone  (169,149)  (144,173)  (144,148)  (193,174)  (169,124)  (194,124)  (194,149)  (142,123)  (119,156)  (200,199)  (167,99)  (192,99)  (117,131)  (117,106)  (142,98)  (167,74)  (192,74)  (92,138)  (217,50)  (190,49)  (300,18)  (304,119)  (325,0)  (325,25)  (329,108)  (354,104)  (362,129)  (383,154)
100 Sea Zone  (3471,1274)  (3446,1298)  (3446,1273)  (3495,1299)  (3471,1249)  (3496,1249)  (3496,1274)  (3444,1248)  (3470,1323)  (3445,1323)  (3421,1298)  (3421,1273)  (3520,1299)  (3520,1324)  (3495,1324)  (3420,1324)  (3469,1224)  (3494,1224)  (3519,1224)  (3521,1249)  (3521,1274)  (3419,1248)  (3419,1223)  (3444,1223)  (3544,1201)  (3396,1299)  (3396,1274)  (3545,1299)  (3545,1324)  (3395,1325)  (3546,1226)  (3546,1251)  (3394,1249)  (3394,1224)  (3569,1200)  (3371,1300)  (3371,1275)  (3570,1276)  (3570,1301)  (3370,1325)  (3571,1225)  (3571,1250)  (3369,1250)  (3369,1225)  (3369,1200)
02 Sea Zone  (547,87)  (571,112)  (546,112)  (552,62)  (572,87)  (577,57)  (450,122)  (425,122)  (416,97)  (391,91)  (382,66)  (372,41)
90 Sea Zone  (3251,1119)  (3226,1143)  (3226,1118)  (3275,1144)  (3251,1094)  (3276,1094)  (3276,1119)  (3224,1093)  (3250,1168)  (3225,1168)  (3201,1143)  (3201,1118)  (3300,1144)  (3300,1169)  (3275,1169)  (3200,1169)  (3249,1069)  (3274,1069)  (3299,1069)  (3301,1094)  (3301,1119)  (3199,1093)  (3199,1068)  (3224,1068)  (3324,1059)  (3176,1144)  (3176,1119)  (3325,1144)  (3325,1169)  (3175,1175)  (3326,1084)  (3326,1109)  (3174,1094)  (3174,1069)  (3349,1059)  (3151,1150)  (3151,1125)  (3350,1134)  (3350,1159)  (3150,1175)  (3351,1084)  (3351,1109)  (3149,1100)  (3149,1075)  (3374,1059)  (3375,1134)  (3375,1159)  (3376,1084)  (3376,1109)
91 Sea Zone  (3262,1289)  (3237,1313)  (3237,1288)  (3286,1314)  (3262,1264)  (3287,1264)  (3287,1289)  (3235,1263)  (3261,1338)  (3236,1338)  (3212,1313)  (3212,1288)  (3311,1314)  (3311,1339)  (3286,1339)  (3211,1339)  (3260,1239)  (3285,1239)  (3310,1239)  (3312,1264)  (3312,1289)  (3210,1263)  (3210,1238)  (3235,1238)  (3261,1363)  (3236,1363)  (3187,1314)  (3187,1289)  (3334,1364)  (3309,1364)  (3211,1364)  (3186,1364)  (3186,1339)  (3260,1214)  (3285,1214)  (3310,1214)  (3185,1264)  (3185,1239)  (3185,1214)  (3210,1213)  (3235,1213)  (3162,1314)  (3162,1289)  (3161,1375)  (3161,1350)  (3160,1264)  (3160,1239)  (3160,1214)  (3137,1325)  (3137,1300)  (3136,1375)  (3136,1350)  (3135,1275)  (3135,1250)  (3135,1225)  (3135,1200)
119 Sea Zone  (196,1265)  (171,1289)  (171,1264)  (220,1290)  (196,1240)  (221,1240)  (221,1265)  (169,1239)  (195,1314)  (170,1314)  (245,1290)  (245,1315)  (220,1315)  (194,1215)  (219,1215)  (246,1230)  (246,1255)  (151,1214)  (270,1280)  (270,1305)  (271,1249)
118 Sea Zone  (37,1275)  (12,1299)  (12,1274)  (61,1300)  (37,1250)  (62,1250)  (62,1275)  (10,1249)  (36,1324)  (11,1324)  (86,1300)  (86,1325)  (61,1325)  (35,1225)  (60,1225)  (85,1225)  (87,1250)  (87,1275)  (0,1224)  (110,1202)  (111,1300)  (111,1325)  (25,1200)  (50,1200)  (75,1200)  (112,1227)  (112,1252)
117 Sea Zone  (175,1133)  (198,1158)  (173,1158)  (151,1108)  (151,1083)
116 Sea Zone  (53,1113)  (28,1137)  (28,1112)  (77,1138)  (53,1088)  (78,1088)  (78,1113)  (26,1087)  (52,1162)  (27,1162)  (3,1137)  (3,1112)  (102,1138)  (102,1163)  (77,1163)  (2,1163)  (51,1063)  (76,1063)  (101,1063)  (103,1088)  (103,1113)  (1,1087)  (1,1062)  (26,1062)  (126,1060)
115 Sea Zone  (185,986)  (160,1010)  (160,985)  (185,961)  (210,964)  (158,960)  (173,1035)  (151,935)
114 Sea Zone  (57,976)  (32,1000)  (32,975)  (81,1001)  (57,951)  (82,951)  (82,976)  (30,950)  (56,1025)  (31,1025)  (7,1000)  (7,975)  (106,1001)  (106,1026)  (81,1026)  (6,1026)  (55,926)  (80,926)  (105,926)  (107,951)  (107,976)  (5,950)  (5,925)  (30,925)  (55,901)  (80,901)  (105,901)  (1,900)  (26,900)
29 Sea Zone  (1407,614)  (1382,632)  (1382,607)  (1417,589)  (1432,614)  (1442,586)  (1357,639)  (1357,614)  (1357,589)  (1457,611)  (1332,646)  (1332,621)  (1482,604)
27 Sea Zone  (1217,787)  (1242,790)  (1194,762)  (1192,798)  (1256,764)  (1267,789)  (1174,737)  (1268,736)  (1281,761)  (1260,711)  (1285,711)
28 Sea Zone  (1351,801)  (1326,816)  (1326,791)  (1351,776)  (1376,776)  (1376,801)  (1401,762)
123 Sea Zone  (62,1722)  (37,1746)  (37,1721)  (86,1747)  (62,1697)  (87,1697)  (87,1722)  (35,1696)  (61,1771)  (36,1771)  (12,1746)  (12,1721)  (111,1747)  (111,1772)  (86,1772)  (11,1772)  (60,1672)  (85,1672)  (110,1672)  (112,1697)  (112,1722)  (10,1696)  (10,1671)  (35,1671)  (61,1796)  (36,1796)  (126,1797)  (101,1797)  (11,1797)
25 Sea Zone  (911,710)  (886,734)  (886,709)  (935,735)  (911,685)  (936,685)  (936,710)  (884,684)  (861,752)  (861,727)  (960,735)  (909,660)  (934,660)  (959,660)  (961,685)  (961,710)  (929,635)  (954,635)  (934,610)
26 Sea Zone  (1101,613)  (995,615)  (1144,791)  (1023,740)  (1073,719)  (1072,768)  (1048,743)  (1048,718)  (1097,744)  (1098,718)  (1046,693)  (1122,766)  (1097,769)  (1021,715)  (1021,690)  (1046,668)  (1018,665)  (1135,657)  (1072,793)  (1147,747)  (1119,794)  (996,725)  (996,700)  (995,640)  (1020,640)  (1110,638)  (1160,677)  (1149,816)
23 Sea Zone  (657,805)  (632,829)  (632,804)  (681,830)  (657,780)  (682,780)  (682,805)  (630,779)  (656,854)  (631,854)  (607,829)  (607,804)  (688,855)  (606,855)  (655,755)  (680,755)  (705,755)  (707,780)  (707,805)  (605,779)  (605,754)  (630,754)
121 Sea Zone  (69,1411)  (44,1435)  (44,1410)  (93,1436)  (69,1386)  (94,1386)  (94,1411)  (42,1385)  (68,1460)  (43,1460)  (19,1435)  (19,1410)  (118,1436)  (118,1461)  (93,1461)  (18,1461)  (67,1361)  (92,1361)  (117,1361)  (119,1386)  (119,1411)  (17,1385)  (17,1360)  (42,1360)
122 Sea Zone  (91,1558)  (66,1582)  (66,1557)  (115,1583)  (91,1533)  (116,1533)  (116,1558)  (64,1532)  (90,1607)  (65,1607)  (41,1582)  (41,1557)  (126,1608)  (40,1608)  (89,1508)  (114,1508)  (39,1532)  (39,1507)  (64,1507)  (16,1583)  (16,1558)  (15,1625)  (14,1533)  (14,1508)
24 Sea Zone  (793,743)  (818,738)  (761,747)  (753,773)
21 Sea Zone  (285,775)  (260,799)  (260,774)  (309,800)  (285,750)  (310,750)  (310,775)  (258,749)  (235,810)  (235,785)  (334,800)  (283,725)  (308,725)  (333,725)  (335,750)  (335,775)  (233,760)  (233,735)  (258,724)  (219,710)  (358,702)  (210,810)  (210,785)  (359,800)  (283,700)  (308,700)  (333,700)  (360,727)  (360,752)  (208,760)  (208,735)  (244,699)  (194,710)  (194,685)  (219,685)  (383,685)  (383,835)  (383,860)  (185,791)  (384,777)  (384,802)  (385,710)  (385,735)  (183,766)  (183,741)  (169,716)  (169,691)  (408,685)  (408,827)  (408,852)  (409,760)  (409,785)  (410,710)  (410,735)  (158,789)  (158,764)  (433,685)  (433,810)  (433,835)  (433,860)  (434,760)  (434,785)  (435,710)  (435,735)
22 Sea Zone  (520,816)  (495,840)  (495,815)  (544,841)  (520,791)  (545,791)  (545,816)  (493,790)  (519,865)  (494,865)  (569,841)  (569,866)  (544,866)  (518,766)  (543,766)  (568,766)  (570,791)  (570,816)  (480,765)
120 Sea Zone  (247,1411)  (222,1435)  (222,1410)  (271,1436)  (247,1386)  (272,1386)  (272,1411)  (220,1385)  (246,1460)  (221,1460)  (197,1435)  (197,1410)  (271,1461)  (196,1461)  (245,1361)  (270,1361)  (195,1385)  (195,1360)  (220,1360)  (172,1436)  (172,1411)  (171,1475)  (170,1386)  (170,1361)
Rock Mountains  (3735,448)  (3710,472)  (3710,447)  (3747,473)  (3735,423)  (3708,422)  (3722,497)  (3697,497)  (3747,498)  (3733,398)  (3687,397)  (3722,522)  (3697,522)  (3747,523)  (3712,373)  (3737,373)  (3687,372)  (3722,547)  (3697,547)  (3747,548)  (3712,348)  (3737,348)  (3687,347)  (3722,572)  (3747,573)  (3712,323)  (3737,323)  (3687,322)
20 Sea Zone  (71,696)  (46,720)  (46,695)  (82,721)  (96,685)  (53,745)  (21,722)  (21,697)  (121,685)
108 Sea Zone  (3430,668)  (3405,692)  (3405,667)  (3454,693)  (3430,643)  (3455,643)  (3455,668)  (3403,642)  (3429,717)  (3404,717)  (3380,692)  (3380,667)  (3479,693)  (3479,718)  (3454,718)  (3379,718)  (3428,618)  (3453,618)  (3478,618)  (3480,643)  (3480,668)  (3378,642)  (3378,617)  (3403,617)  (3503,600)  (3355,693)  (3355,668)  (3504,693)  (3504,718)  (3354,725)  (3505,625)  (3505,650)  (3353,643)  (3353,618)  (3330,700)  (3330,675)  (3329,725)  (3328,650)  (3328,625)  (3328,600)
107 Sea Zone  (3639,816)  (3614,840)  (3614,815)  (3663,841)  (3639,791)  (3664,791)  (3664,816)  (3612,790)  (3638,865)  (3613,865)  (3589,840)  (3589,815)  (3688,841)  (3688,866)  (3663,866)  (3588,866)  (3637,766)  (3662,766)  (3689,777)  (3689,802)  (3587,790)  (3587,765)  (3612,765)  (3564,841)  (3564,816)  (3713,827)  (3713,852)  (3714,792)  (3562,791)  (3562,766)  (3539,836)  (3738,817)  (3738,842)  (3738,867)  (3537,811)  (3537,786)  (3537,761)
109 Sea Zone  (3563,714)  (3538,725)  (3538,700)  (3563,689)  (3588,691)  (3588,716)  (3537,675)  (3562,664)  (3613,697)  (3613,722)  (3626,672)  (3537,650)  (3638,697)  (3638,722)
104 Sea Zone  (3455,969)  (3430,993)  (3430,968)  (3479,994)  (3455,944)  (3480,944)  (3480,969)  (3428,943)  (3454,1018)  (3429,1018)  (3504,994)  (3504,1019)  (3479,1019)  (3453,919)  (3478,919)  (3503,919)  (3505,944)  (3505,969)  (3420,918)  (3528,900)  (3529,994)  (3529,1019)  (3530,925)  (3530,950)  (3553,900)  (3554,975)  (3554,1000)  (3554,1025)  (3555,925)  (3555,950)  (3579,975)  (3579,1000)  (3579,1025)  (3580,927)
103 Sea Zone  (3668,1113)  (3643,1137)  (3643,1112)  (3692,1138)  (3668,1088)  (3693,1088)  (3693,1113)  (3641,1087)  (3667,1162)  (3642,1162)  (3618,1137)  (3618,1112)  (3717,1138)  (3717,1163)  (3692,1163)  (3617,1163)  (3666,1063)  (3691,1063)  (3716,1063)  (3718,1088)  (3718,1113)  (3616,1087)  (3616,1062)  (3641,1062)  (3741,1059)  (3742,1138)  (3742,1163)  (3743,1084)  (3743,1109)
106 Sea Zone  (3435,807)  (3410,831)  (3410,806)  (3459,832)  (3435,782)  (3460,782)  (3460,807)  (3408,781)  (3434,856)  (3385,846)  (3385,821)  (3484,832)  (3484,857)  (3459,857)  (3433,757)  (3458,757)  (3483,757)  (3485,782)  (3485,807)  (3383,796)  (3383,771)  (3408,756)  (3508,750)  (3360,846)  (3360,821)  (3509,832)  (3509,857)  (3510,775)  (3510,800)  (3358,796)  (3358,771)  (3335,846)  (3335,821)  (3333,796)  (3333,771)
105 Sea Zone  (3679,964)  (3654,988)  (3654,963)  (3703,989)  (3679,939)  (3704,939)  (3704,964)  (3652,938)  (3678,1013)  (3653,1013)  (3629,988)  (3629,963)  (3728,989)  (3728,1014)  (3703,1014)  (3628,1014)  (3677,914)  (3702,914)  (3727,914)  (3729,939)  (3729,964)  (3627,938)  (3627,913)  (3652,913)
16 Sea Zone  (814,505)  (789,529)  (789,504)  (838,530)  (814,480)  (839,480)  (839,505)  (787,479)  (812,455)  (773,454)
17 Sea Zone  (93,623)  (68,647)  (68,622)  (117,648)  (118,602)  (66,597)  (43,660)  (43,635)
18 Sea Zone  (485,629)  (460,653)  (460,628)  (509,654)  (485,604)  (510,604)  (510,629)  (458,603)  (484,678)  (435,660)  (435,635)  (534,654)  (534,679)  (509,679)  (535,600)  (535,625)  (433,610)  (484,703)  (410,660)  (410,635)  (559,650)  (559,675)  (559,700)  (534,704)  (509,704)  (560,600)  (560,625)  (408,610)  (577,725)  (385,660)  (385,635)  (383,610)
19 Sea Zone  (633,659)  (608,683)  (608,658)  (657,684)  (633,634)  (658,634)  (658,659)  (606,633)  (632,708)  (607,708)  (682,684)  (682,709)  (657,709)  (631,609)  (656,609)  (681,609)  (683,634)  (683,659)  (603,608)  (706,600)  (707,706)
110 Sea Zone  (3401,516)  (3376,540)  (3376,515)  (3425,541)  (3401,491)  (3426,491)  (3426,516)  (3374,490)  (3400,565)  (3375,565)  (3351,540)  (3351,515)  (3450,541)  (3450,566)  (3425,566)  (3350,566)  (3399,466)  (3424,466)  (3449,466)  (3451,491)  (3451,516)  (3349,490)  (3349,465)  (3374,465)  (3326,541)  (3326,516)  (3475,541)  (3475,566)  (3476,511)  (3500,536)  (3500,561)
12 Sea Zone  (850,367)  (825,390)  (825,365)  (868,392)  (850,342)  (875,342)  (875,367)  (822,340)  (809,415)  (800,390)  (800,365)  (900,338)  (900,363)  (797,340)  (784,422)  (920,297)  (775,397)  (775,372)  (925,322)  (925,347)  (945,297)  (950,322)  (970,297)  (995,297)  (1020,297)  (1045,297)
111 Sea Zone  (3401,370)  (3376,394)  (3376,369)  (3425,395)  (3401,345)  (3426,345)  (3426,370)  (3374,344)  (3400,419)  (3375,419)  (3351,394)  (3351,369)  (3444,420)  (3350,420)  (3399,320)  (3424,320)  (3449,320)  (3451,345)  (3349,344)  (3349,319)  (3374,319)  (3474,297)  (3326,395)  (3326,370)
13 Sea Zone  (323,528)  (298,552)  (298,527)  (347,553)  (323,503)  (348,503)  (348,528)  (296,502)  (322,577)  (297,577)  (273,552)  (273,527)  (358,578)  (272,578)  (321,478)  (346,478)  (288,477)  (333,602)  (308,602)  (248,553)  (358,603)  (283,603)  (258,603)  (247,578)  (313,453)  (338,453)  (333,627)  (308,627)  (358,628)  (283,628)  (258,628)  (306,428)  (331,428)  (356,428)  (333,652)  (308,652)  (199,652)  (358,653)  (283,653)  (258,653)  (352,403)  (185,627)  (181,602)  (174,660)  (352,378)  (160,635)  (156,610)
112 Sea Zone  (3405,223)  (3380,247)  (3380,222)  (3429,248)  (3405,198)  (3430,198)  (3430,223)  (3378,197)  (3404,272)  (3379,272)  (3355,247)  (3355,222)  (3354,272)  (3403,173)  (3428,173)  (3455,241)  (3353,197)  (3353,172)  (3378,172)  (3330,247)  (3330,222)  (3329,272)  (3403,148)  (3328,197)  (3328,172)  (3328,147)  (3353,147)  (3378,147)
14 Sea Zone  (482,501)  (457,525)  (457,500)  (506,526)  (482,476)  (507,476)  (507,501)  (455,475)  (481,550)  (456,550)  (432,525)  (432,500)  (531,526)  (531,551)  (506,551)  (431,551)  (480,451)  (505,451)  (530,451)  (532,476)  (532,501)  (430,475)  (430,450)  (455,450)  (555,447)  (481,575)  (456,575)  (407,526)  (407,501)  (556,526)  (556,551)  (406,575)  (557,472)  (557,497)  (405,476)  (405,451)
15 Sea Zone  (647,505)  (622,529)  (622,504)  (671,530)  (647,480)  (672,480)  (672,505)  (620,479)  (646,554)  (621,554)  (696,530)  (696,555)  (671,555)  (645,455)  (670,455)  (695,455)  (697,480)  (697,505)  (603,454)  (720,447)  (721,530)  (721,555)  (722,472)  (722,497)  (745,447)  (746,522)  (747,472)  (747,497)
113 Sea Zone  (42,849)  (17,873)  (17,848)  (66,874)  (42,824)  (67,849)  (15,823)  (91,874)  (116,864)
10 Sea Zone  (473,384)  (448,408)  (448,383)  (497,409)  (473,359)  (498,359)  (498,384)  (446,358)  (423,422)  (423,397)  (522,409)  (471,334)  (496,334)  (521,334)  (523,359)  (523,384)  (421,372)  (438,333)  (546,311)  (398,422)  (398,397)  (547,409)  (511,309)  (548,336)  (548,361)  (426,308)  (395,297)  (571,297)  (572,386)  (572,411)  (573,322)  (573,347)  (420,283)
11 Sea Zone  (682,373)  (657,397)  (657,372)  (706,398)  (682,348)  (707,348)  (707,373)  (655,347)  (681,422)  (656,422)  (632,397)  (632,372)  (731,398)  (631,422)  (680,323)  (705,323)  (732,333)  (732,358)  (630,347)  (630,322)  (655,322)  (607,397)  (607,372)  (606,422)  (680,298)  (705,298)  (605,347)  (605,322)  (605,297)  (630,297)  (655,297)  (730,297)
Siam  (2168,932)  (2207,962)  (2191,1003)
Malaya  (2197,1134)  (2216,1172)